25417972
25407169
25418097
25650794
2097545601
25404982
25414868
2097895618
25406561
25164960
25344741
25396243
25411835
25322160
2097557616
2100901237
25644652
25406768
2098820705
25217942
25406653
25164726
25408676
2101974528
25334788
2097573548
25388199
2101974526
64636526
25332332
25740992
25332675
25751528
25408105
25416266
25126497
25126281
25405996
25157622
25323680
25661815
2101974529
25227238
25403789
25403548
25726769
25405486
65392710
25417773
2097604230
25164907
25157612
25125231
95746405
25407175
25227371
51673193
25407731
25398579
25130249
25223387
2097623444
25659395
25415152
25227177
25223189
25157403
25124746
25220075
25403625
25219402
25416336
25394686
25660934
25404878
25176124
25661667
25217414
2098249200
25130126
25152891
2134540268
83260190
25217332
2097657365
2097895617
25706580
2124223033
25157728
25415854
2097895619
25418146
25125415
2097666094
79813832
2109528640
25125825
25659254
25322752
25415877
25129242
25331816
25416017
25660971
25160195
25731358
64750050
25225990
2097687039
2097688204
72508896
25323514
25416921
25725171
25158413
25749833
2097694847
25688821
25659252
126077230
126753902
124125598
25159928
25660851
2097702912
25727743
25128494
25224987
25345938
95758014
126745015
125416747
2107844061
25157649
25243102
2097723265
25159895
25412528
126745053
2107503331
25750516
2107051954
25335235
25414011
126745029
25159696
2101974527
2097747058
25661740
25659046
25416948
25659356
25124718
25221479
25708994
25403876
25224275
25152258
2111305719
2097761426
25322148
25130594
25217671
25157345
25218242
25408692
116840857
25408726
25726778
25414741
25415753
25160414
25404468
25344391
25659201
79806642
119943701
125842060
116815440
125437161
126745038
25686113
25332526
25217110
25415165
61499308
25513427
25414645
25418293
126745052
25323520
25159595
25414802
95743789
25333122
25403375
25163209
25322243
25344443
25412498
126745019
122116162
126745022
25175941
2097823818
2109757892
121829570
126077205
123924089
121829570
116818356
110541495
25164518
25323576
25129489
25383160
82817328
51623416
25333551
25346101
125843256
25226961
25217740
25658981
125842078
126745014
25749834
25345911
25414981
2097895620
25128270
25154360
25346394
117895151
2115099989
25126740
25406588
2097906060
25415410
25409450
25322477
123527373
25175175
2097920179
25124821
25644661
25222721
25129027
25408751
25221623
126745028
119963971
25222986
25414123
25751554
25163802
25165368
25688988
25129263
25129067
25665565
25405045
25151703
25398459
25405987
25124708
25665582
116818364
116831693
116814738
125842106
89161100
25414713
25406618
25417006
25771300
116814746
116813223
126077207
25405838
2097997043
25771239
25163506
25418202
116816547
116839817
63111478
63118378
25153374
25417206
25126182
25126350
25223121
25331741
29618409
25151477
2098009817
2098009816
2098009820
25727766
25727784
25727764
25323613
25152145
25406726
122213616
126714266
126745021
126745102
25159607
25163752
25322609
25698667
25750512
124161337
51623790
116547676
25415630
25731793
25129185
25225562
126617079
126617085
126705985
25659872
2098098555
2098100401
25415223
25163628
25750275
25661703
2098113725
25226045
111423811
123731263
125424185
2098119984
2098119995
25686188
25176289
25406196
25657331
25406523
25163548
25411965
2098126351
25406508
125842112
25406879
25412285
25406088
25418348
25648379
2098138074
2098138138
79807688
25154218
25224272
25418415
116840863
126610565
2108950073
2098153774
25157939
2098156520
25771348
25243545
126610562
116812731
125842061
2103705871
25333691
25331628
25415449
25727747
126589039
125842129
126589040
2098174189
51623751
83890201
25403601
25128355
126589038
125834325
125842049
25731284
116840947
2098200869
25739023
25680150
25227434
25221487
2098208754
25731451
25403173
25331597
25411956
51672282
25175959
51673195
25226303
25408168
25129090
25414021
126408778
126589031
25225396
25332415
25405844
25322640
25417908
126408777
25662249
25219904
126586269
126586269
25409591
25127414
25151616
63080065
25406380
25332954
2098278414
25686207
25221525
122239234
25416776
117446946
25416239
25417116
122095982
25661840
2098305037
25411911
25222956
25163983
125834330
126408766
117482298
126408761
126408772
54971070
25219773
25657222
25159830
126408771
116814795
25417428
2098340030
25650855
123507840
59725046
25226934
25415313
2098362670
25128201
25404293
2098364730
25130060
2105255323
25243630
25415600
118243947
25156095
116830880
111419930
25405019
25726793
25129354
25406592
25415136
126332564
116818157
119213476
2098411293
25176278
126332603
116840916
125737237
25726748
25175181
25130075
25225183
25416493
25344555
79817907
63080228
25151872
79818294
117994912
25129273
2098451331
116815428
116815428
25219725
25411733
25406788
25218543
25417491
25686200
25218565
25404366
25659228
25164692
25227017
25657191
25726864
125774054
25662282
2098505972
25223565
2104613067
25658994
116818391
125429280
116840363
25223391
25406126
25333822
