35863360
2097545085
35921226
35874470
55018902
35918339
35899386
35871714
35925570
2146226068
2097545987
35876974
55016796
82627331
2097711620
2127684397
35836286
14466043
35880917
35908822
35883182
71752601
2097551417
35863528
108608441
35902566
112087225
88814541
2097553901
35829747
35875164
69375808
65449938
35867050
35848776
35848796
65470776
35847064
35897972
35890234
82619761
71754537
88811869
71755898
2097683798
2097562785
35916864
2097563630
35857067
35941609
35850934
112434574
35860369
82625853
35916051
35857565
108606834
92191599
35865796
35917391
35943529
35907926
35924567
92191561
35841136
82610960
35878702
65441816
2099175767
2097571110
35841079
65470573
59934188
71753695
55015982
2097572599
65449100
35909073
35846641
124725729
2099175769
125810184
35895319
35855971
35846931
2097683800
123477960
71752930
35864994
35902260
35933988
65460454
2097579687
35835054
2097580403
82620108
2097683797
35911312
35943142
69345165
2097583554
2097583563
2097583566
2097583562
2097583561
2097583560
2097584034
88827626
88819779
88818406
69346573
35854325
35880227
88816239
88813597
35918809
35875626
71755044
35843216
35928677
35879506
35846475
65466369
71757537
2110688179
69347498
88817583
2097588167
88825457
2101582053
88824849
2135997258
35897727
35880214
71755453
69378300
65465067
35869942
35910883
65469362
65462998
65461106
71757113
35924511
2097592261
55016381
35896163
65469605
2097592945
35896856
112810507
14467809
88811526
35839019
35887015
35839311
88819570
2097597855
35892373
2097598368
65462695
92193841
35857695
88813771
71754862
2097600930
92193203
88822323
35910018
35925589
65468390
82613056
69366645
2097603273
2099235939
2098813564
82614864
35843894
35930843
35897019
35910844
92191634
35841219
35837496
35930812
35897785
14467926
2097610238
2097610278
2099869122
35840861
35892255
2099175766
35848190
82618219
69343358
35943040
2099175768
14466452
35878384
2097613242
65462057
35914786
35891891
71755029
65468081
2102977046
35873696
35899667
35941847
2097616124
35910837
2097617332
2097618027
69374486
65464979
2097618729
35923682
88817270
35840984
35886579
82622936
14447093
65466404
35933176
2097624118
2102242213
88818078
2097628396
69371103
2098466474
2097629980
35910986
2097631877
55017973
69345443
2097683801
65460766
65452476
35830088
14468855
35927126
35907208
82630712
35841437
59931658
65441890
35886371
35880858
35850816
82616282
65464594
35842190
2103144471
35932047
2097639663
35879347
2097640674
71758797
35929567
14456350
35846125
35886678
65470130
88819456
2097644571
35836168
35883750
82628165
69369748
35887655
35914387
69369559
35855633
2097650585
2097650958
35898255
70836689
35921769
2125751432
35884486
35896792
35842113
88813038
35913723
35935905
71759816
82389276
71757974
35918884
71544637
126748454
126746204
126746205
126746206
126748223
126748225
126746203
2099869124
2097657611
71754053
35888508
2099580651
71755599
35895063
14469751
35922651
2099175765
2097659862
65440944
2097661140
2097661135
2097661133
2097661140
2097661135
2099607167
2097662564
69382766
2097663651
2097664323
2097664341
2097664418
2097664420
2097664470
92191602
55015981
35922908
71754249
35892252
2097667919
2097667920
2097667921
65465161
69379138
116636093
35836169
35836235
35883606
2109764111
35839154
2097671372
35908322
35921027
35900408
2104775926
35895813
65461405
65466608
2097676005
35908394
35897096
2097676241
2097676242
35866921
35928177
55016652
14467688
35906835
14466903
2097678756
2097679016
71754656
2097679251
35908205
82628653
65470851
82614728
2097682642
14467256
65465406
35895145
35833474
2097683353
35890958
2098604199
2098603622
35865365
2097683802
2097683805
2097683804
2097683799
2097683803
35847632
35845163
35877745
35886735
65468421
65464485
65465200
35847499
2097688239
35898537
82631166
35865506
65440735
35839298
82617115
82612076
65450494
35847707
35862988
35909942
35940094
35867663
65466402
71754218
14466094
71753375
35900829
35885436
2097694680
2102349523
14521396
35917421
35911028
2118376468
35864529
35894783
35911259
14521530
35877174
69365869
35921160
35878148
2113265846
35879941
2097700172
35876502
35876301
2097700693
35846733
2099580631
35848224
35874453
35856678
35855985
2099580605
2097704529
2097704805
35828704
2097706095
2097707402
2097707408
2097707406
2097707396
2097707404
2097707403
2097707397
2097707402
2097707401
2097707400
2097707399
2097707398
35869969
2137987923
88813966
2097709350
2097710023
2097710025
35854200
35942512
65460440
35829301
82618229
35900563
116920085
122720035
65469726
35883871
35876480
35858724
2097720992
14468618
35888527
35935930
35837529
35917247
35941947
65468231
2107776789
121351850
71756741
2097727388
55016414
2097728279
35940372
65461267
14457039
35900609
2097730931
35894923
55017285
2097732239
71752781
71752781
14457419
35842247
35923963
92194044
2097734726
2099580615
55017171
2102043160
71754020
82627470
2097739724
35883056
2097740349
82623911
35910954
35837484
14465116
35836265
65462883
35844170
2097744132
2129601208
35928212
35927125
70831969
