29486291
29369534
62606897
29437761
89552537
29487500
2097545835
83126303
83827138
97847945
29374485
29355971
119617136
2098899299
29386816
29429863
111370865
29388851
70337310
83813736
2097553570
2097553800
29491390
2097554002
2097554457
89550153
80092807
89549462
80101099
2097554490
80104805
29474977
2097568356
58316861
125914950
29351770
2097555861
2097555863
80087262
124844634
29427839
29463760
2097556939
29462585
29422993
58299916
29403160
70326581
29333118
2097558296
29370675
2098857533
2097559809
2097559807
29323497
89550477
29408575
58311708
29516450
89547736
2100932960
63228206
125889935
58317042
80107203
83815720
83819418
125804459
29466075
29415953
63836864
29388799
29516219
29478760
58312363
29427481
70334894
29487195
2099140990
2097569936
2097569955
2097569982
29498146
2101272719
63838846
80096300
29495551
70348400
29444615
55091641
80096228
29403304
29346361
29385242
2111424401
2097571537
2101762883
80094016
29322142
84077009
2097573017
2097573142
2097573141
2097573143
80100789
80100250
64767100
124843697
29402721
29397807
29394253
29356859
2097573947
29438418
2098637380
29461354
2097899928
2100013070
2097575447
2097575560
29415853
58299151
29422334
2097899950
70337390
29377431
64547883
62605674
58316129
66991280
29492233
29466428
29322795
29449434
29484465
29593887
70334739
29407399
29499754
2098113633
2097581247
2098183217
58313527
2098857584
62605256
29479265
70346087
2097582793
2097582792
80103752
29371991
29326958
58298514
58315254
2098899314
29496461
63761223
29490451
70343565
122189125
83814101
64543213
83825147
29609692
84129990
64857307
67388591
70327261
2098105794
60138945
29359103
29475591
64818603
29492006
29347784
29513084
29512760
29422350
29514460
29416961
2097899962
29424532
29338637
2097592244
29372901
29513046
29349678
84130752
2097592908
29505315
58316687
125822500
29382730
114406413
29492766
2100013067
124903348
2101467989
29460224
2097899966
83126141
83126577
2097596110
29558139
29432300
29493420
125803598
2097597236
29418928
29346333
110539396
29434122
29513076
70343634
58298541
80096900
122187688
29514462
29366749
29410477
29403368
29388042
60138509
2099240566
2098113629
29506220
29514030
29401502
2142506604
29514052
119628983
70343193
29486605
29409861
29486605
2098899300
2098362620
70332651
125251513
29388621
29338030
29381652
29386159
2097607359
2097607358
80084841
64458055
80093328
119630668
29484199
2097608238
29444382
2097608687
2101272687
29488922
80092363
89548623
29425667
29425687
2099240571
79981647
2097611871
2098636643
2098857534
111371031
29403530
111965843
70326340
29493969
125808156
83813178
111968984
29482571
58297414
2098857538
94642194
2097616678
110539645
70343744
29348322
2098608389
29421718
29388840
64871775
29384757
2097623068
2097623068
29438917
120895279
64834647
29384550
29384490
2097623843
2097623841
2101272718
80106892
29407299
70343613
29494421
60138174
29369200
70344555
29400682
2097626223
2100932552
2098435282
79981945
29442857
29372188
2111424402
2098857581
2097628683
70339379
2097632145
29385237
29382708
2098899305
29363280
29377616
29369818
2097634193
2097634192
70984955
80095919
2099042367
63834410
29395196
2097640032
29359974
60335744
2097640425
29491552
70327803
29370073
29400150
2097641607
70985479
29462132
58312147
64735947
2098113640
2098183235
29474931
84141504
70342722
29489703
2098113626
2105434970
58316457
2097645272
2097647989
2097647988
83125186
2098113635
2098435296
29401596
29496861
2097650460
60335689
29403596
29423925
29384054
29399879
29383978
29393072
2098899303
2097945654
2098390099
58301559
2100982433
2098183233
29486826
2098435284
2101272714
58315064
2101025844
29382373
28595716
29325266
29557545
2099071588
29476829
2098899310
2098183221
29426829
2098857587
124720273
2098899317
29364136
29438287
29438287
70338412
64717136
124836095
29388980
29497004
29507721
62607999
122188653
110539255
80090249
2097665055
29331342
64664857
29473045
72509217
80090850
29504948
29338915
2097899951
58316545
29397546
29509961
80097246
121657881
29405705
80097246
58316545
29411089
70339186
2097668403
29503008
29496402
29370829
29424604
29490803
29410127
29436834
2097669480
29365155
29419242
2098857532
29406983
29345717
2097670862
2098390097
29359143
2097672290
29344928
29451356
29508155
111962163
2097673303
29459232
29430464
2105530231
29504725
29496986
29514532
29423621
89729517
88022726
58317119
67010950
29516810
29359145
119621477
29373681
29409011
2097677739
29414482
29326376
2098899302
29323050
29414239
29350332
80101885
29385157
120896194
2097679701
80098012
2097680749
29331459
29322362
29410758
28587891
2097899945
70345739
29341966
83818638
29324838
29470270
29438096
63834291
29484158
29464886
70985046
29428378
29413485
58316021
29326946
70352623
94643130
80096043
29462141
2097688159
79973492
124841016
2097688234
2097688424
2097688946
29462184
29476786
29603389
2097689558
83832808
29372710
84129950
121658540
2100932549
2098857536
2101025845
58315456
29399794
2097693706
2107001842
29578427
29475857
58267716
83124926
