71489407
59140865
113389343
2097543966
59181418
87797411
2128682441
59171051
59117725
59183022
59188474
59175717
63041322
2097554741
2097554740
71332719
59144997
2099986979
59164668
59211740
87795999
59162261
59115302
59115307
59115301
2097557217
59115307
59115302
2097557217
2098745274
123119983
2122042105
59086763
81378924
2097565379
59086536
81858773
81857704
2110296548
113389835
81853766
2097570191
67715518
2097571570
2097658982
59155747
2097573766
59155320
2097576158
59177751
2097576890
2097576891
2097577318
2097578099
2099176034
59163089
59090072
2101982590
59137680
59117516
59104508
59124508
59114235
59120421
59122504
81858732
59106948
68005456
59185933
59163387
59105615
2097592839
81857237
59131779
63041510
59096902
59109702
59180216
59166274
59100179
2097597051
63042568
59096639
59109713
2097599606
71329816
2110262130
59168109
59101810
59170042
2097602681
59099107
59184237
59086366
59139149
59164802
59210954
59172173
71488569
2097607113
2097607112
59130404
59183678
57423373
60112731
59173978
59112462
59141354
59098130
59115164
59167888
2101088758
59136945
2097619012
59172981
2144012672
71333142
59134431
2097627052
59119379
2097629188
2097629477
123849099
59160814
63528130
59088438
102988122
2097638241
59145867
63710898
2115893513
59171293
59157404
2097644512
2097644511
59152982
59150926
2098440215
2099086939
2142228253
103864942
59169768
2097649309
2114019924
2097650708
71489373
2099028936
59129968
59110558
59129947
2097656536
59141480
59186041
59119469
2097663503
2097664996
59152112
71496972
2109203380
2097670138
2124756023
2113681671
2117020235
59185386
59091301
2097678880
63710209
59097512
59110119
59117809
2097680645
2097746989
2097680644
2097683351
2102497559
2097683668
56319302
59134957
59172159
2115744511
59185528
2097689145
59121582
2097691014
2097691346
59102589
59171186
59174289
81858750
59161260
59109545
59139330
2097694810
2097700470
123846131
2104723164
126753971
124275898
125848331
59158304
59091539
59171828
59159651
81379187
71505075
2107534306
90139103
2113127173
71497234
126755223
126755222
126755221
126755220
126755218
126753635
2102387132
67095763
120922521
2097725860
59171946
59155284
126755564
126755219
126755216
126755215
126755213
59213482
2097735537
2097737479
2097737709
59129423
2097741447
59141840
59168499
2097743841
2097745377
124200998
126753719
126755214
2097746510
59140511
2097747681
2097754281
59126241
71546538
59103126
2097763362
2097764279
59122720
59181774
126747763
126747764
124797127
126755217
126748145
59130084
59184431
59086395
59115977
59176304
2097775289
59153058
63711282
81858755
59183140
2097778930
2097778928
63041180
90141599
2097783640
59095451
126748152
126747761
126747765
126747766
123846794
59098547
2097788161
2097788490
2097789114
59095304
2097792776
59127302
2097793423
2097872673
2097795063
59099900
2097795288
59089616
2097798662
60112845
63041545
59138215
2097804874
102987402
59090060
59177176
59167694
2097814475
2098692161
59131817
2097816215
81855280
2097818645
126747762
59188264
59140408
59122563
2097827658
59108039
2097828811
2097830325
2097830472
2098317213
2097830456
123846811
59179425
2143021387
59124703
2097848339
2097850176
2097850851
59187907
63531164
59115567
59108850
59111866
59177322
2097859554
59113874
2097861840
81859036
126738848
126738846
117046793
87792120
2102149411
2097868926
59175051
59148541
59143649
63711596
59108739
59124799
59121342
59122079
59124220
59124798
59089784
59123490
59123758
2097880479
117051547
102987750
59150559
59135476
59173627
2097889801
2118260616
63711874
59134969
68006077
59120595
59093411
59178002
117686098
59162446
60112332
59153554
59108217
59100822
90136277
59097108
118324951
59151383
90138744
59136628
119842370
2144478539
2097905072
59184404
59211319
2102586630
59121141
59166361
121834833
126738843
121825203
71497287
2097921592
2097921686
59170604
71546672
2097926331
2097931746
59101646
2097928886
123848180
59178900
63530758
59104715
90141329
2115932107
117049973
126738847
126738844
2119008945
63041567
59112259
2097950864
59135129
2097957977
102987878
126738849
126738845
2097963712
59151084
113390093
2097972744
59133390
59113534
2097975101
2097975105
59158564
2097975903
59090976
59139249
81856251
81856358
59106538
2099063403
126715561
59145517
71490007
2097981426
2097981874
59127272
2097982058
102987673
59114109
2097983467
2097983476
2097983814
2097984537
2097985373
123845313
2137909132
59149485
71546164
67715698
61319788
59105402
59121148
2097991994
121793439
126715556
126715557
59187655
59152108
59131362
59112956
2098001908
2098003486
59118087
123265648
126715559
126715555
87793944
126715559
2098005823
2098005868
2098005952
59140805
2098007440
59097173
59176772
59138020
126716223
126715560
117055318
59123178
59158667
2098050836
117046791
126715558
126715563
126715562
59124367
59212118
59110608
59158995
113389634
87793663
59126231
59105108
59096689
59110503
59115699
59186014
126617824
67412716
126617821
126617819
59183409
102987528
59096269
61320050
59102888
67097740
2098094125
81854196
2107638439
59121826
59157667
123851330
2098106473
59122245
2098108734
2098108778
2098108788
