3863540
101354109
4122701
60269110
65557300
2097544145
3731412
80834033
3953713
2141835668
3951640
3844266
3678170
2105990907
2097544677
2097544810
4170438
3711804
3946756
3691112
2134180041
121070306
2101953652
2099237581
2101975804
2101953764
2101953653
2101975806
2101981127
2101981125
2101953649
3980671
2101980986
2101975807
2097545345
2117041857
2101981123
80825806
2101981126
2101975803
3809876
2101975920
3810498
3824702
2101975857
2101953519
2101953515
2101953518
3844108
2101975921
4133603
63699331
2101953764
2097545346
80812967
80843937
65560173
3625665
61481420
3705820
3601528
3596670
113964790
3705752
3621525
3939094
3718104
4153574
2143340572
3976562
2120804015
4020800
3684018
2097547743
4017979
70423120
65545002
2099934864
2097548326
2097548608
3662592
87712471
60201813
54534751
4012554
80623631
2113499549
3705756
4145876
3846918
113963594
2097550350
2134365161
3940958
4164050
4116439
3913544
2121021178
3947092
4159234
2097550427
2141284449
113959181
3956453
3956453
4142529
2097550606
113955637
3957224
101336488
3543084
62013898
113499513
3796766
3985296
60200364
3870276
2097551800
3877612
3725736
3632104
2120304640
2097553024
65559251
89968537
2097553200
2120885710
2097553372
3864095
2097553419
2097553418
87707202
2101207080
3993461
118608126
118608127
3724803
2097554157
4022871
3939793
2097554900
2103168754
2097554904
3712185
3674218
63696829
89933998
89934066
101285813
80826741
89957269
3794280
2097555822
3543841
101219831
89894732
101219831
2097556106
2097556107
3706500
3706536
3720781
70461324
2097556112
2097556110
3843057
63704536
87692319
87704057
87719034
2097556111
2097556109
89878944
3659728
4005037
3916206
2097556849
4158336
4078417
3995269
4133014
3824383
4133014
3824383
80821608
3926586
3702139
3618333
2137800684
2097556998
2097556996
3622403
3720225
3677014
3854491
3987992
4145051
3691253
3644625
80821797
4077853
3513018
2132725893
2097557741
2141763377
4156077
2104582547
2097558376
2097558389
3868759
89924322
3919128
3913487
3855267
80624730
62012848
2097559619
2097559618
3923943
2097559781
2097559801
2097559824
2097560232
3704547
49917547
2097560270
2097560291
4006069
2097560293
3665264
2097560290
4119158
58369907
2097560433
87698206
3648578
2097560779
2117745778
3919289
3865408
3812507
2097560848
3812016
3664369
2097562032
3872725
2097562095
3733824
2105731589
101439601
2131847711
2098744910
4139888
3713671
3670601
3915407
2137700034
2097563419
3656754
2097563471
2097564312
54533286
3846179
3848176
58362145
4121836
4110664
3956334
2097564589
4021890
4134614
3645359
65561765
3702129
3940527
2097565196
80855530
2130800416
2097565487
87693279
3810734
70471229
70449336
4111099
3848531
3701411
54532110
2140772062
3873738
2097567228
2099482537
119096190
4116917
2128720501
3633854
87719088
2097567665
2098737872
2097567851
61959594
4008893
2112211699
3986313
2097568924
119972029
4000054
2097569546
2097569547
2101434011
3931749
99357149
2097569971
2097569971
2097570161
3999839
3959692
4139141
2097570678
2109050172
2097570710
2105296500
2097570888
3642055
2097570926
2097570929
2097571063
3973319
3935640
3924264
3686955
2107379024
3845815
2098744893
2097571571
2137120494
3723574
3678993
3701530
3701530
2097573227
2142243008
2097573586
2097573598
2116355860
4175902
2115481473
2105097602
98364972
101447664
2098744909
70459671
3632797
4080062
3944815
80830429
2097574990
87698797
3933683
4172458
89954140
4141811
2102987041
4148693
3714439
4017102
2097576423
2128332118
2098744891
3943379
3946950
3843019
3576790
4117675
2129235062
3688223
3627966
2097577879
3794255
3980473
2117247107
2133391641
3847711
2102589462
3931113
101239081
2111066103
3809105
3663600
3654822
3671084
2097580566
2123303127
87705006
65564977
3880853
49912281
4134342
3852515
2120249204
61960084
2144691936
65539033
3719984
2097580857
2099317581
4122216
58357988
3681167
2097582371
3914352
2139598844
3681643
2097582979
3850888
113954510
101527718
3669860
65572236
2108520912
2105710610
2123504126
4156267
4117299
2097583755
3977423
3737061
2097583768
2097583803
4140545
3945837
3989117
4141535
62013941
3695524
2097584481
60272346
2097584608
2097584659
2097584666
58368770
89972616
2099893567
2099893567
4005078
3669157
2097585189
58369822
63693292
3699853
4134809
2133474443
4172844
4142720
3708223
70447758
2097585478
3857803
2097585521
2104746436
70477586
3923756
3651877
2121761510
2097585673
4124682
3985140
2100072857
2101716190
4124682
2101716190
2100072857
2097585964
87693168
2097586148
4007749
58371182
65557235
70447503
3627336
2097587057
2141932673
4165622
2097587443
3497330
70476637
2097588259
2097588260
3994585
3619145
2134177968
89914270
2100619119
2100967285
2097588977
3619998
3661901
111032960
80822720
60265157
2129966485
89968621
58371693
3794466
4025374
2097590052
2097590053
3716096
2097590110
3589346
87704667
3708801
70474131
2097591350
3671370
65561964
3561290
80817055
3876598
2124161696
4118265
