67961838
26828806
120753444
26914346
26702853
26808954
2102375461
69676218
96521192
26816968
26785460
2097545629
2097545643
2099839770
26732831
26698516
96506819
26911442
26686757
96527763
67716829
69670635
26692589
26700808
26853111
2104729807
26707574
26775854
61871475
26717485
26756251
26731369
26765960
2099169315
2109337947
2097557097
2099052500
2097557099
2097557098
26884333
2104420717
67962008
26809542
26733810
26701810
26683477
26686416
84004075
2137749193
26683476
69677098
67964553
26627587
26807246
2097563570
26710587
2097564951
96515030
69675225
61869881
26880360
26586590
26678174
26739622
26881419
26841022
80242210
26785743
26844145
26892127
26805629
26876329
26915577
26865633
53390619
26840661
67965127
26792580
26739749
26805804
26846981
26755426
26899320
55171256
26838998
26743874
53069975
26690765
26875939
26694147
26793419
26711424
26767677
26739127
26724410
26909206
84005042
26842520
2097577074
26897701
96533989
26740912
2097577891
26875823
96523794
26813055
26882268
26820879
96517651
26781866
26826225
26641687
26742419
26677848
26847397
26730975
2097579535
69676705
26723520
69677134
26804269
26882144
26805649
2097579533
26739317
26690899
26732436
53081014
26859172
26869444
26870770
26785381
26678416
26892302
26712818
26771725
26712713
26701231
26741649
26808938
55826039
2097585110
26848853
27330564
26914728
26761828
26687035
26780240
84000216
26786849
26869354
26743356
26738262
2097585835
27327906
2097585896
27325046
26748782
84006447
67965161
2136573613
26752896
26745996
26743484
2097587047
2097587733
26709190
26709410
53101405
26709411
26680156
26759796
26745513
69675393
2097589949
26769209
26864473
26824294
54023005
2097591394
26913996
26638056
26695172
26858783
26640305
26911541
26785459
67965361
96524150
53071863
26887842
26872057
26785192
54011134
26888801
69670316
26703461
26786147
26804941
2097597469
26838352
26801926
26879906
26859534
26874269
26815721
26932788
26702280
2117908336
26781705
96531016
69675167
26809921
2097601118
122302922
26708689
26910228
96499748
26683545
26877592
26699633
26777504
26749962
26789263
26811084
2097603442
80234842
26827129
26760391
26888784
67957492
26848706
2100446081
111959227
2122379193
96518472
2125735589
26884756
26871251
26705342
26752829
26869100
26707362
2097609433
26770553
26748432
26678217
26807069
26684602
26678313
26734550
80233919
67961690
26769208
60347590
53071059
26898961
60331861
83996766
26750789
2097616652
26871265
26717420
26755552
26688519
96498446
26727830
26790656
26879947
96498381
26626189
26730031
26788894
26810487
26897958
2117518050
2105851288
26633949
26877258
26924160
2097626663
69669812
2113625704
2097628669
26749773
2097629680
2097630168
96495919
26588563
26832107
96499715
96511140
2104411627
61869874
26653359
26859435
26727169
26926540
26877523
26889463
26714105
26678741
26892641
26900331
26699532
80223076
26863862
80228124
80220078
2097638246
26768348
26706729
26900094
26693401
26701095
60331817
2097639893
26757437
26859074
26698898
26881422
26876835
26853492
26699542
26699506
26699503
26688639
26688323
26706395
26767372
26767408
26756527
26757798
53071083
26805529
2097646815
26728566
26845069
26745898
26792258
26856360
96504656
26678219
26867686
26869325
26861929
26805041
26852585
26897938
26923234
26744023
2097657370
26791808
26878735
26846750
2097658569
96512528
26865203
26808610
26769120
2097662499
26703048
26889319
96492666
2107911362
26760371
26780467
26871766
26831384
2097665403
96499893
2125944768
26859853
26926512
55827380
26779476
26790130
67961790
26697318
26828819
26793436
26761958
2097669476
2097670123
26876230
26873149
26789027
69675364
26929031
26743517
67951203
26734991
26760941
26734733
26854740
2097677436
26784781
26708746
26912958
26828367
26748485
26874141
26742391
26747207
26902766
26702659
26845730
26870773
2097680260
2097680432
26767524
26626491
26870667
26747587
26726202
26698952
26698944
26700917
26915455
26828826
26871835
26843570
26756345
55826838
2102837562
126745199
26637806
2102115420
26891219
26734661
26731027
26751302
26858931
26898983
96498812
26694574
26890032
53070055
111959953
26685445
26790245
26882335
2097690922
26734146
26703439
26719844
69677055
26743110
26711956
26850869
26871349
26897922
26732524
2102305277
26748628
26705557
2104885552
2097694821
26609983
96517139
26734261
26767106
26680479
26884046
26831358
26761584
61871045
26929048
26789753
26880373
26685977
26799827
26761902
26732258
26906178
26755652
26810030
26743456
26911257
27292052
26692719
26871781
26748793
26868991
2097709132
26678246
125255658
2097710123
2097710305
2097710889
2097711589
2097711932
96505469
26884172
26756864
53389451
53389958
26632280
26880346
26900602
2120280125
26681209
96492372
96512489
96508358
126745186
26679069
26808555
2115778208
2097721334
26727079
26694141
26725302
26790148
26869169
2097724027
26790372
26729651
26706001
26910290
