13342399
2097544232
2097544848
13432456
13414680
13274185
13431506
13388800
2097547914
2097847630
2097548602
13354195
13369183
68050442
13273954
61470067
58685848
13430719
13325920
58686278
13328023
13348683
13284002
124225202
13413939
13300184
71720110
13415528
58580008
117748472
72296752
13341664
13270853
67449374
2097556343
13383506
68051574
13390912
13281780
2101102341
13282858
82591737
13376733
13383207
58683311
13313483
123600457
13355266
58687311
13299362
2097749580
58682746
13376622
61471784
13305076
13334572
119309647
2136564867
71719878
52964502
87930835
2113603267
2097568407
13289950
13281905
2097570739
13417112
13271652
13402608
13299466
13314535
13339079
13323520
2098892112
2104423400
13310230
13340377
58685117
13420207
13389076
63056798
13432531
13427044
2097749577
68050926
82592814
13408674
58683216
13405844
13433540
13390924
2138428536
13318809
13375756
13350376
13427943
2097580513
13375824
58295012
13427969
2097582638
2097582670
2097749578
13056299
13384970
2098815348
118269818
13433530
13382037
13370448
2097585241
13393191
13343800
13340062
67456539
13328324
13346868
13382508
13317574
2097587404
13347504
13297601
13295914
13373650
13384777
88905904
2097589267
13292188
118268367
13401223
13304487
13306889
58683804
13387997
13375769
13399665
13279377
13423380
13326901
54892025
2097592800
13429780
13377558
13386705
13388743
13397250
13317793
13334947
13353712
13414543
88905979
88907880
13293176
13354986
13384360
13340416
52965008
13391151
118268129
13355799
13363038
13350084
13351600
13374790
2097596714
2097847633
2097597126
13270832
13322310
2097597551
13381167
68049615
13342238
13346330
13317851
13327381
13324422
13289814
13314323
13330738
13304816
13372126
13351341
13305177
67454580
13388669
119693024
13290393
68050604
13420266
13352586
13369884
2113004310
52964327
13298245
13313759
64630522
13339735
13322129
13374014
13056352
13381409
121236170
63360309
13351013
2097608199
13426516
13384937
64576316
2097608196
2097608198
2097608200
2097608201
2097608197
58685110
72294166
61470804
68049364
13376301
2097847632
13395127
13383091
13388034
13311815
58684102
121235274
58295746
13393115
121238745
58684519
119692652
13368213
13420166
67449487
82592514
13296068
2097622822
82593798
13318257
13345717
13405016
13272525
13352095
63786836
82592973
52964777
2097626602
58685451
52964659
13386347
13390566
13371584
13317972
58685684
61433117
13330092
13359408
13353947
13354087
2097638612
13354473
13297012
109684444
13361677
126753874
13425993
2097643210
13272483
13321866
13346530
13415072
13413471
13348424
13372727
13410432
13332419
13286630
13288741
13373469
13274580
13323795
2097704760
13316217
13374999
116716723
122577341
116716723
13386104
13353737
58684614
13305550
13370727
63360673
121928642
13355319
123599314
68051531
13357761
13313348
13392814
13360735
2097664360
13378929
13373036
2141325307
2141730941
13424083
13423475
13414047
13363192
13308133
13347086
13382532
72298244
58293632
58294899
123603117
13345140
13365355
13409988
13369344
2097669984
2097669983
63360437
2097669982
2126776054
58685320
2097670137
13391008
13366146
58684928
13315116
13350954
13281257
13362595
13347998
13423607
13427833
13357238
63786525
61469396
13318148
13397524
13340884
82592916
13423617
13413722
13276418
13328418
118269590
13399349
2121834755
109688745
13351474
13361998
13403833
13395934
13375295
13397479
2112306963
13327919
13391094
13428106
13366589
2097684250
13363252
2097685474
2101406579
13395727
2097687919
2097749579
13292803
13401043
13300566
13282283
13335449
13387444
13331934
13355996
13369345
71720272
121239176
13320593
123600169
63358308
13341260
63359041
13379652
13283296
88905233
58294262
13330657
13283249
82593220
13408247
58295272
82591872
13374211
13357302
2097699785
72298390
119309987
13313925
13429051
119873097
126743021
126743015
126743019
120561362
126743018
68049379
13404922
13366321
13376415
118576903
13347659
13289520
88906021
13354508
119308595
82591664
13278393
13403899
58683813
13398625
13275056
13294284
2097715700
13384570
2097716288
126743017
13404321
13324189
82254141
52964422
13405413
2097722459
13380076
13332066
13423560
13347648
88907656
13346480
13386801
13279665
13275922
13408735
13350347
71719795
13391717
13327158
13340010
2097731528
13311275
2097733057
2097733056
72295670
2097736680
13281092
71719990
63153153
58294071
2097741589
58296487
13388905
13285680
58295895
13373595
126743016
126743014
126748139
126743022
126743020
116716673
13307539
13416032
13402802
2097746276
13380945
13312923
13429136
13273717
13056984
119693268
13308210
54891916
13410071
13307366
13335878
2097750466
109686911
13394698
63360755
13409114
13351900
13375561
13321682
13369354
13297546
68051006
2134719535
2097755898
13271463
13296798
13385325
72297074
13304760
13311388
13325812
82591820
61469835
13282957
63126259
13407229
13374050
13302867
2097761145
61433290
13377612
13280941
