28058050
27946228
112152802
27858136
28247233
28331469
28495545
2097543803
27758285
27914460
97636594
27860792
2097544839
80576114
27914121
68428018
58671333
2097544841
28453231
28004905
28351054
28021903
28176204
28174956
97615882
89641403
2097544841
28174956
97615882
2097545075
2097545035
118392699
28220215
2097545047
27945418
28301075
28086037
84047468
28188916
80557758
2097545112
2097545127
27944777
80525678
27995533
28080903
28412869
27759377
2097545146
28135885
58673514
2097545144
28030318
28437083
28534782
28293990
28037338
28078636
2101649032
2097548419
2097549345
80579834
84009269
28452150
28324084
28061802
97606220
2097551189
62593987
27999324
28504338
27858979
2097554051
28001508
80389135
27828526
123225465
28417881
2097556500
2100326263
84053275
2097556496
2097556493
28224348
80580706
2097556498
70317195
2097556499
84029463
27922099
28401350
89644513
28140637
27743591
28325440
27752882
27752881
27752880
84025179
52420207
84012240
80563253
28060751
27745351
27745351
27845458
80563253
28325440
27743591
28157333
27922099
70306516
2098971085
28019095
27966399
27575752
2097558278
2097558273
27768797
27759124
28049910
27755590
28152946
97664502
2097558277
27912393
2099347364
27762912
2098740242
2098740227
28220817
2100265741
28065587
28300772
28160227
28122074
28092103
27746985
2097562883
28436548
62597278
118390724
28107667
27990733
2097562884
27786305
27775432
80589487
97626122
27910090
27746687
27827627
89644609
27836949
27916819
28347879
27951105
27979331
28347879
28025196
27921361
28174715
27762444
2097598619
89638174
80569771
28132162
27991863
28519830
28288395
28117442
27901106
80530571
2140938900
2112384638
2098182902
89649570
27833390
27910414
28224213
97600612
28486227
28486227
27906134
2129175309
2097570561
84066025
2138696375
28204102
2097570774
55478856
2101202308
28009648
28038810
2097574195
27862813
70315278
28231774
27928161
84017951
28187225
2098971084
2097574187
2097574196
2097574194
2097574184
2097574185
2097574193
2097574191
2097574187
2097574186
2097574196
2097574185
2097574184
28025156
2097574329
28166545
2097574330
28179334
87181269
28533222
28063831
27931118
2098247676
28486217
68410438
2111184632
28203988
2097574738
97638497
27870836
2101202310
84021947
28001119
80550070
28115864
27937536
28352041
80582476
2099184224
28440309
28070891
27914175
28424772
27542938
2099028321
2101202309
97600974
28092805
80571912
123232598
27847891
28126260
28188726
28362230
80577266
28155809
28123965
28010992
28282971
2097578831
28486446
2097578830
2097580429
28328356
2098247675
55473609
55473608
55473606
55473607
2097581635
27944408
121110630
2097581638
123235949
55473599
55473600
121108889
55473598
89640700
55473603
27756807
55473597
55473604
27800243
52399927
55473597
27756807
27800243
27978749
28183772
84018402
28464923
97600888
97629355
2098448166
58680757
27787341
28088743
28364110
2097582983
28071118
27857669
27994083
28044694
123237505
27759298
80516754
70303728
27745086
2097583426
27747149
80516754
2097583426
70303728
27759298
123235384
28390683
2097583464
123227726
28401495
97672453
27823139
2097584459
28382215
28252306
27760376
97641207
28353463
28092887
80548066
58675448
2097584934
28048607
27958710
27831521
27831493
27779675
2097584952
80548066
28353463
27819697
2099279521
28510810
28530131
2099252738
55481790
27921750
2108030288
2097584958
28031834
28294217
2097585887
2097586058
27871280
2128673849
28093784
28370504
2100364765
97620089
28124966
2097587159
2099751229
28547582
121105072
28518095
97620089
2100364764
28093784
28315697
27958763
89650272
2099751229
28099881
27808887
28547582
97651725
27956854
2100364765
2097587159
28313488
28416712
27758368
27812889
2099028327
2097588791
2097588784
89642670
28065635
28084240
27933503
2097588784
28126231
28038093
28065635
118398829
2097588785
2097588789
2097588791
28013572
28326052
28212440
2097591982
27761023
89636224
2097591980
2106037272
2146729537
28032591
28421808
27911653
28424683
28251000
2097669916
97660399
2119321525
2099478391
28291043
27910076
27910138
28149501
27777926
121105387
83894941
2097595810
2099028330
27752791
58667884
2097596335
28481781
2100950459
2098857494
80565537
2097597161
27885622
28000401
2111344775
28127944
28300997
84024703
28436765
2101173948
84024703
28000401
27765194
28205334
28467722
27762687
84017833
84039762
27927366
84019620
27997019
80528768
27853945
2097598158
2097598159
28398806
55482913
28043145
27760160
2097598617
2097599953
68426955
2097599967
28413407
28248479
2097601061
2097601063
58678226
28074826
28248479
2133957752
2097601061
28000382
97629061
28168113
28361930
2132222000
97662861
28215044
97656762
97640935
28216874
97605100
97600429
28216912
62581176
55474842
28177779
28346002
2097603146
89644827
80559486
80578191
28113421
2097603144
2097603148
2097603146
2097603133
27916209
89644827
80559486
28080751
27847955
121105095
28155780
28063594
27842532
27778355
2101649033
2097603805
2097604447
84049887
2097604458
2097604449
97633855
2097604452
58680186
2097604451
