7148997
72168869
94715394
53368358
66862553
6949893
6921406
6911388
66847577
6980950
72232507
7014438
61747605
6931883
59437874
60841821
7127191
7009919
68664431
7119854
61648467
7145300
7056308
6904514
7027772
53371152
83029092
121086705
66861310
55101398
2097545991
79520625
2097545997
7046027
88838432
2097546002
7070666
58637846
7062872
7120683
7089506
6975066
66861592
7086650
61748788
68662833
94710049
59299213
7066450
6965882
7094241
66861812
7046027
7018267
6975066
6965882
63011197
6946128
7092685
2097908739
6893515
6972841
7176496
2097549271
55111043
7159379
61261886
7081101
7009814
7176013
55110064
6966054
7057870
53371084
121083613
59437746
6950736
7014406
6968797
6959174
2097554815
2097554814
2097554816
2097554817
2097554818
2097554819
2097554820
2097554821
6893664
2111246148
7054642
66846365
6965233
7034269
61746678
7046529
59302691
6996523
68274497
6965398
79871049
6924779
2098772011
2097557221
7063351
2097557221
7120642
7132855
7183896
6947030
7037617
7017794
7006678
6938768
6924779
59435884
121083028
6959221
7088021
59274597
6925378
6917528
2098772011
94715090
94711511
6936241
2103067274
66838148
68270154
66844408
6901289
2097559477
7069588
2097559493
6931357
7174354
63296311
6997947
2097559739
2097559795
126246831
6976019
61249930
7056285
7137041
7116500
118195683
94712479
2098197616
7024276
7070844
2097560381
7011306
6894347
6919196
71175365
7042928
79878638
59440318
71175365
66846272
7063016
2099476167
66847917
66850167
6912185
66822344
7086378
7086492
7086491
60763601
7086568
7009711
54984566
7086350
66844762
83918409
94711715
6958932
2097564379
124233814
7058474
61740855
6939478
6891345
94712248
66861439
61742360
7109418
66862062
80187742
66824849
7140845
2097565584
6892705
2097565926
6929006
68548807
7173139
7123499
126287064
6934858
6915020
7072770
2097567491
2097567490
7121679
2129361607
81832419
7157265
53371799
6893096
7157374
6934949
121085337
60541118
7159432
68276009
61751678
68541892
2099427549
6894341
63329713
6916664
2098118118
7090470
6964388
68275969
58574768
7087613
6946819
7080913
53375005
6939304
68270996
53363683
50886121
53161015
123488325
7173746
121087149
2097574325
7121722
123485853
6937529
6965444
7022485
66844968
7124618
7032798
7096470
87747472
62774259
6939410
82526126
55109814
2101663907
6950337
118198464
7005998
52225135
2100635391
66844399
70060829
7107007
7136981
6998813
7125140
2098051784
62925968
6922398
80187384
6938906
7015402
121087427
2100260871
7087196
6999886
7170764
7086337
7156670
7183916
7040424
53371070
2097577281
68272152
66860912
66851411
7115078
7047834
7014155
6960363
53369633
7128081
6892401
7178013
104316091
6934652
63499336
7021874
7156804
7026714
2097578846
66850173
53374891
112481910
2097579481
126288533
2097580416
63326525
89792071
52210281
123486303
7121046
53368305
7116727
62851432
7150876
6896695
61747297
80187821
79878710
63102642
59433286
7145931
7098054
58758567
7092646
66820204
7100264
2098332206
7117300
123487767
79879903
2097582964
6962688
7096378
7080604
7061888
7171362
6980537
2097583321
66833531
2097908717
59436162
6948669
79871332
7014663
7109538
66862722
66863681
80184630
80183847
68275217
7081966
7045232
55112421
59434960
6933334
2098197612
52210952
6921261
6910261
7145654
7131059
7145654
66821155
7057095
2097584646
7170422
7042604
2098332205
123485304
6975619
118326767
55108762
7177187
121084444
80181693
94644130
60380608
7133845
2098197614
61747901
7154687
6927762
2097587136
7063692
7091534
7007665
72231282
7067247
52211548
7076090
7095296
7063692
7054059
55105834
70060643
80186653
66857608
2097588183
6942907
66857178
7113330
61249913
7124493
6904458
7114124
7116110
63073765
2097589407
59438934
7035676
7078335
52208720
7009813
54886188
55101454
79876897
66848257
6978288
68278793
7052745
7112067
7126937
6948331
61743451
7052617
7117848
68667478
2097592176
2097592175
2097592173
2097592172
6946927
72168922
7166054
7027682
66869461
52211195
7121077
119972055
121360383
68273556
71174796
66844165
7169908
7140550
7158282
68271447
66848867
60946196
2097596305
59203869
52211475
7106741
7056140
7137928
88848000
6901311
123488295
2101883155
7117181
2098956928
121085352
6913790
7114096
68273634
6977627
63761271
52212293
7065304
53371674
118196283
80185086
6922377
79870713
2097899203
6945126
7105546
66824461
63328572
66821601
2097599319
55107909
79878036
82237033
60541248
7038997
6953859
61741220
2100205966
7006612
6914160
68655680
59440461
2100710880
2097908748
7006676
66848561
52225410
2097601810
2097601880
7083576
7172174
7173685
2097602263
2097602279
68651538
53363846
63154159
71178609
7109318
2097603295
70059300
79883039
68276289
7172784
7040318
