19746382
19667671
19749228
2097659218
19679199
19750992
19678148
19667130
2111217432
19665993
19749957
19666642
2097777676
19679625
19665907
2140007893
2097805121
19749213
19749029
2097899124
19747255
19746270
2112722575
19745455
126061100
19749361
19679395
19747138
19666805
19745886
19749719
19745648
2098090483
126599494
2098133649
19750850
116794813
51074793
94698364
19750838
124401776
126405640
19748231
19679876
19749478
19744351
19747495
2109527764
19751479
19744477
19749073
19750885
125753150
19751836
2102127032
19750649
19746303
2103562172
19751625
126081759
112097167
19668090
19751104
126081758
19743748
19748862
19749338
121220480
19744536
19751818
116821805
19749722
19667627
69300779
51074794
2099008227
19745814
89666930
79844969
19751709
2099282257
2099282258
2099282586
124878588
116794808
19750875
59683530
2114424127
2100711762
2103857970
19749545
116794802
