2097543155
20522938
68993810
20537999
72106838
19962289
19866599
20169762
20546207
20690362
2097543447
20042764
20953517
20613125
2097543688
20117923
20155010
20443299
2097543998
2097544076
19960907
95669045
20990488
19873553
20043728
20091323
20091323
21301291
20532777
2097545013
20972435
21353806
20040391
20848379
20927243
20628694
20170857
20013655
20015428
2097545821
20111577
20804212
68991630
20450429
19938640
20791642
20540796
20588979
20022466
89151005
2101646473
20512963
20450432
20089603
19962051
20074466
21290843
21351770
2097547121
89144713
21311541
20929342
19936570
2102581585
20140094
2097548541
20174740
55821875
19980971
95609264
19952491
20160565
20026575
20083310
20094485
20591385
20039031
20577144
80390821
19983100
20019960
20809686
94643625
20636882
20755945
20955744
20936246
20947960
21313103
2097554455
2097554453
20326985
20388436
89148474
20015499
20540630
2097555232
20102797
2097555845
20150795
51577026
20073372
20150794
20647221
19864959
19899888
2097556470
2097556568
20687798
20937138
2097556703
20568722
20599662
20596684
20595706
20794128
2113579090
60115627
80384299
20497511
20458388
20793608
19917576
2097557243
2102044935
20755417
20601280
20141601
20770829
2097557397
20539078
20098789
95570303
19943536
20529171
20173328
2097602867
20630667
20790522
19983296
2097558171
20583693
20515377
20594768
2097558407
19921515
19918252
20510185
20590198
2105187376
20133707
95559697
19865415
2097559631
20965291
20461720
20525036
20935739
2103275071
2097559845
2098140486
20934333
20755110
82870954
20986050
20603547
20622251
20390189
20008791
20451573
20930448
19957856
68018149
20139788
2097562366
20627293
20491898
72699479
2101508369
2097563182
20934175
20571151
60763136
2097563334
20536442
20544177
20795002
2101523509
95669660
81959314
20803651
20506286
65240715
20532967
19938538
20853636
2097564868
2097564955
2097565095
20643302
20027949
20044893
2117846493
19927305
20744956
20637022
20522768
20586604
20586604
20456679
2097565932
20388656
19982694
65245335
20141433
2097566581
19994741
20094217
21311528
19920724
20532140
2097569353
19932037
20602796
19934019
20575314
20575311
20848404
20572440
51575959
20035797
70591251
2097570659
2097570660
2098105414
21309796
20045406
19940545
2097570797
21313806
2102581583
19949294
20184639
20801582
20141377
20765334
19906138
2097571564
20568726
20605498
20770665
20960525
20490172
20143683
19978639
19868383
20151878
20960930
20097720
65392376
2107543579
20601681
2119550481
20559102
19909801
2097574885
19984347
2097574941
19941485
21305400
20620418
2097900040
20561533
20762398
20092953
2098105418
20515685
20169344
20613710
20117449
20177424
19939222
20797866
2099140903
71010763
2097936843
2098758175
2097576553
20688505
19974862
2097576786
21302370
20503119
19928818
20385836
21304749
19941371
20463689
20157300
20069323
21315138
20937012
21305281
20138336
2097577815
20747342
20597120
19973001
20809398
82869725
19957979
79801668
20103044
20095661
19968785
20616759
20638210
79802014
20176831
20091483
20783553
20527891
20799938
19876926
79799723
20578605
19990359
20159604
19919684
2098231025
20548434
20172531
20073885
20972470
20946238
2129560496
19978512
2099000474
20793142
20804831
20466357
21305308
89147961
20074512
20929767
19930096
20380931
20383369
20541146
20547337
2102069458
20380212
20777104
20115305
89134413
20687498
2097900045
20136953
19934687
21308433
19976254
20461905
20104879
20012597
19932652
19966872
20176335
2101051292
19984072
20464914
20492547
19992516
2097584928
20123005
19877910
2102581586
20388306
20743790
20182209
2097585678
20494500
20594744
20178942
20445136
19924382
20563381
20544302
19983114
19986468
50893729
20523112
19936752
2098932142
20972279
20945679
89558374
79795699
20535864
79796276
95531394
79800565
95599638
20944881
20120169
19869161
20133235
20184758
19874682
20938534
20031703
2097587715
20378848
20491226
20747350
20573088
2097587938
20590087
20748008
20937261
21286528
20024974
20597701
19915158
2104185625
20531755
20031502
19994926
20509742
19925296
20496646
20466664
20530705
20533287
20579748
82878128
20610834
20612413
20466076
20806983
20160969
21306406
20465361
20959316
20134283
95667266
20108795
20507106
51582293
20029398
20134288
95545225
2097593762
2097593764
2097593768
20962086
20033964
71010756
21298406
71002563
20975386
21294918
20177050
20795349
20749606
20606894
20165533
2102298779
19965472
2097595699
20801458
19954412
2097595717
19989820
89146114
19949639
20692978
20805417
20020890
20168394
2099000475
20137121
20026094
20032503
19988154
20749820
20133436
20016447
2098758177
20790060
20754147
19900677
20081591
20177980
20171069
19982609
2098118220
80275547
20534819
20501092
2105752897
20749576
20745216
20527651
2120150615
92579916
20540675
19968888
68993518
19984978
19900637
2098659210
20149677
20134161
20024239
20614761
20963238
95579114
20092083
20021913
19962198
