60147779
72525644
2098613744
2097543729
2097543728
112516357
2119361566
124393270
104465269
89329084
2097545003
65322685
80011752
83940335
2097547703
2103264224
72525676
112749933
31492950
79494272
79499907
2097549428
2097549429
83933001
72517558
2097549427
2097549427
31511974
122273795
89336134
2097549428
31514588
113500305
80007271
2097556255
72540632
80010377
2097556835
31538480
2097557589
2116927094
104463926
2110225798
82829890
2114633028
31505446
2097559593
2097559594
80276756
2097562069
2100097364
2102748698
80012202
72526339
2102748698
2126268587
97505655
79979284
83934115
31529919
112088544
112088545
2097564330
89330233
31527523
2097564321
2099143581
2097564328
2097564327
122062568
31510675
2097564329
2097564324
2097564326
31545305
65321970
2097564325
31508888
65316597
2097569422
2097569421
121712815
2108266348
72517384
31492075
31529772
69509652
89331660
2097571243
2097571305
31498382
2115293572
72513175
72520196
89330893
2097574485
2111462711
2100196276
2097579291
2097579290
2097580735
31492355
97536096
2135939167
2097582706
119911324
2097582705
2097583335
72528894
83890520
31542077
2097584639
80008645
2097584653
2097584652
31523077
31498299
80007505
124719048
2097586319
2117684086
2097586320
2097586321
2097586575
2097586570
2097586565
2144010509
89228417
2097588253
2097588254
96756460
2097588249
2097588250
2110741095
31531919
79504508
31496561
82784777
31541630
2097590092
2097590095
2097590094
2097590093
2097590319
2097590587
80004023
2097592740
72534434
2097595736
79493292
2097596657
2097596656
113198042
60541600
112086826
2126199233
97496009
31521940
31504096
92424812
2103749420
124436567
114346465
2100809816
72517998
31510736
2097599345
31539697
119918979
119915353
2097601019
31491243
2097602906
2097602907
2097602905
2102152095
31552654
79495319
2097604581
2097604583
31511669
2097604580
2097604580
87791770
72537996
31521202
72514462
72525519
2097609961
2097610408
2105343323
2097611201
31502469
2126721042
72526005
2097611976
2099860779
2097613204
2097613202
112513689
2101362899
121919156
31501398
97520055
79978541
2097615141
2097619011
2097615140
2097615142
2097615470
2097615477
31502965
31503764
80008581
2111628823
72535665
2097625758
72525843
72523544
2103162340
2097626315
2097626982
119919210
122274928
31516080
31530192
2097627231
2097627550
2102163042
2097628847
2097629312
79493533
80012648
2097629300
2097629311
31534048
72539581
2097629300
2097629299
2097629306
2113735421
2116314612
80008020
72518694
31505454
122273181
122272620
89333354
31536893
2097631910
2097631911
2097631912
2097631913
61965349
72532148
112509827
2097633942
94817365
2097633937
31548043
2097633939
31543156
2097633929
31550223
72516367
2097635932
2097635934
63865204
2118064509
2097637052
31511072
2097639994
112514539
2097640982
2097641004
2097642007
31536143
31519625
2097642582
83930360
119913968
2097642747
2126597993
89139200
124423613
80007023
72522702
2106165015
2097644462
117451081
72529037
122275169
81946340
2097644612
2121252152
31494521
72528618
2097646705
2097646713
2097646711
2097646702
2103003643
2097646709
2097646704
2097646706
2097646707
2097646710
2097646708
121817688
121918928
2097646714
31535542
2097648117
114409390
2097649212
2098613749
2097649210
31518542
80387483
79506382
80012000
31513245
2107570222
119909744
72512381
2097653072
2097653073
2097653074
79496308
2106419718
2097657767
63867823
2097658531
31515553
81945720
125464994
2097664023
80009087
2097667609
2097667682
2097667895
2097669862
31498762
72541370
2097670306
2097670305
2097670352
2097670353
31548166
2100155985
2097671483
2097673574
2097673564
31501445
31539247
31521589
2097673566
2097673568
119919171
2097673565
31508239
80005261
2097677470
2097677469
2097677469
72513333
114404726
2097677467
97535663
2097679266
2097679263
2097679265
72525574
120108184
2103527976
112512276
2097679264
72535702
2097680336
2129239372
69511036
2114750650
2097682854
31544597
2121015698
79495444
72525010
2101576872
113974732
72521692
89669698
2097688862
2097688864
2097688863
72515127
89711722
79482654
63870302
2097688987
2097689275
2097689918
2097689986
72511679
2097690304
113056514
2097690303
113973951
2097690302
97521517
31519186
31498302
2097690301
2097690751
2112742316
80014028
31491103
72513465
31539840
72531512
31503315
89229905
72539192
31511322
2110019877
2098828008
2110315594
2097696305
31515341
119913948
124865220
2102700495
69510838
2097699422
2097699835
2097701174
97501602
2097701333
31536047
119914923
2104140337
89335167
80005850
2097702544
80005850
97534613
89335167
2097703605
69509662
97527984
72511644
2097703604
2097703606
87617805
31523132
72539501
2099128955
2099128956
2098993066
2100503588
89334008
2103573305
2103573290
80010923
120287708
72521451
125952248
31517573
2097704706
2097704705
2097704707
2097706895
72540769
80006654
69510640
2097706894
2097708568
2097708728
2097709261
79978496
72516677
79978701
72524702
2100897465
72528312
2097709260
2104292069
124438157
2097712999
79498722
2100909915
2097714939
72533340
2097715501
2098577609
2097719292
2105167463
121712261
72524495
126055527
31508654
2097719814
2105480973
98334111
80003919
31517466
2097720738
2097721970
72514473
97520367
97526024
80009515
31549809
31553849
2097723923
2097723922
79978671
79983205
72533436
31523206
121234356
