2129210582
43827157
2123522347
92449508
92435629
43823839
92440424
2097546299
43843318
2110760130
98363985
2099604869
92450783
43873439
43827673
43814407
87939521
2097549430
2097549426
92451031
2097549902
43864252
43808777
82066334
92438713
43864275
2097553376
43874414
87939201
87939270
87938763
2099664192
43829737
2104303434
2100267791
43827722
92446693
92438383
2097557174
43807874
43810633
119408108
43810796
2097558129
43832399
92442709
43858639
2097559691
70767481
43872451
92447682
43850209
2097562012
43813103
43853584
119406660
70776206
82413303
2118232783
43835490
43840801
2097563159
62926159
92441623
2097564577
2097564628
2097564634
2137210958
70776484
92437506
92443215
43815440
82070721
43833481
82419034
2097571306
122018856
92443909
2101080706
43864742
43807270
64830402
60760924
43852513
2110238025
2097582023
43860470
2097583262
43815446
43829888
70773666
43870627
64712712
2097587209
2097588224
2100708089
43819652
70775605
82410962
92450610
82416471
82414707
63615067
64814755
70767277
92442144
92437408
64814755
84645028
43831348
43833741
2097591205
64426867
2129346587
43847079
43870628
2101366243
2097596378
64529124
70772579
82421213
2101220041
2101220042
43843548
92449838
43870995
43871236
92436747
58449645
43873696
2097598400
43829635
2145248789
2122507132
2119518573
92438245
54692445
43868874
2098269410
2097601023
2099546510
121346302
63614799
43867372
2114959012
43871212
117594458
2097603791
2097675935
70767040
63615071
121343942
43854339
82413037
2132127415
92436871
83157223
43812418
2097610603
70773052
2129400196
43840289
92438343
2097612614
60794009
70766765
43823701
2097614855
72573120
2097614854
2097614864
92426292
43866155
2097615514
2119397644
2097615517
2097615513
64716182
92443329
2135685125
2108447153
92439386
43855445
2135685125
2099606317
2108447153
2111240910
2119729433
92437820
2097617179
43848871
121349299
92449013
43829012
43874369
43854968
2097618757
43850027
43830219
2097621950
70775926
64764634
43848020
2097625596
113378657
70774040
43825913
60793622
64860199
43819173
92442787
70773816
64854459
92444019
2100785870
82412359
2098585127
43815536
43843151
2100497034
43855134
72563747
83159071
43827554
82064848
70775284
43866926
70775943
70776201
43810915
43831554
2097644783
43830205
43865607
60794002
43865607
60793514
2111491390
2097648164
117594710
43871079
2097649637
2112085283
2097650714
43838880
43827752
43859428
43870357
2097651957
60793552
71742138
92447937
43858483
2112186218
2097657000
43819249
2097657606
121346594
43849725
2115041143
2104460740
2124387630
2119284988
43843828
43867985
43859650
92447607
43848752
92449050
2097661294
82063480
2097662253
2097662412
2097663315
2130854236
43814645
43814646
2097665983
43806804
70772924
2097670896
70776570
66175148
2097671332
2097671317
43833590
82417608
43815550
43815460
2106592230
43833590
70775341
43864019
2098277612
2097675884
2139679223
2097677407
2097677572
2100323814
2110054072
2104305680
70774671
70775335
43862607
43861351
2097678853
2102647258
2097680132
43853286
43860971
43864721
2097680643
2097680813
92442198
2128058649
92447088
2106093685
43823728
72568491
121345176
2099940822
2097689623
2097689705
2097689866
113377443
72576231
43830524
2097690947
2097823905
113379807
70772696
43869518
2101436519
43840956
43859047
2097693159
2097693254
43848946
2103318113
43811360
92448307
2097695558
43863016
2097697103
2097697269
2097697904
2097698078
43844095
2101069180
63614833
82419977
113379507
43873366
43833359
2097705431
2132115078
64564560
2097705932
43865300
43852399
43864695
2100802117
2097707817
2097707820
2097709779
43869568
2108666129
70766523
2097712292
70774970
113379221
2097714628
126755368
126754792
126753678
2097719112
2097719158
43816372
43826801
2097720262
2140333303
2120509934
2097721995
2097721993
43873860
43871306
113379604
43866544
2116914232
2107527699
43814364
92440273
92439167
2100771795
82416950
70776801
92442940
2102944182
2102218010
92439221
43816334
43872524
43823117
43856314
43870325
43827617
126755450
126754793
126753840
82417214
43810112
92443842
64917424
92439659
82070513
121347948
82419435
2097736640
43832334
92445347
64853602
82070680
43819435
43842532
92449680
43869954
43834184
83159529
126753832
126753757
2124995339
92437086
43815802
2097746635
43858360
43849896
82059918
2097747598
2097747656
2097747690
2097747757
2097747773
64748083
2097751267
2097751372
43808418
2097751446
119406477
92448693
87937289
43810343
70775600
92450587
43848238
43816602
2097759583
2097759582
2100840977
2098551110
43872771
43826823
2101398076
2097776735
43825519
43862662
43868376
123870169
2097763306
43846228
92436494
87938117
87939505
113376960
2099605592
92438920
70775568
2107110728
126746731
43816853
43815997
43860916
43829147
43837344
43867314
43829724
43826885
43853094
43826974
82414090
82412353
2104347262
2119810081
92437084
92444475
2133811198
2112941517
70766947
43860284
43852995
92451204
2110001359
2097783890
92445704
126746730
121642133
126746728
119957355
43847811
82415162
43806464
2097788558
92444367
70776881
2099393173
121347510
2099194252
43868680
43864973
63614729
70773138
