2102695372
2104285184
38699783
2097550352
2097553795
38713942
72390556
38709865
38709911
38696304
2097562187
38701054
38714338
2098553676
82654147
2097575724
38714131
38710999
82658328
38699498
38703449
38701407
2105970624
64734345
38699779
38704505
38699207
38693369
38714134
2103700209
38708941
38692599
38700903
2131704740
38696879
38700594
38711329
38703837
38691820
2122184439
38710885
38699119
38643923
38696498
72390952
67890236
38695386
82654966
38695401
2097631721
38700469
52638150
2097634605
2097639376
2097639379
64704224
2097645190
38699740
2131049873
2097655881
2097656485
64779768
2117854758
38708884
2097665069
2097673726
2097683276
2097683277
38714808
38707148
2104955891
38692615
2099546369
38708403
38710665
38700725
38702833
2097696702
38700756
2097698731
38700036
38700279
67890251
82652078
38697553
64529800
64869266
38697725
2129587125
38704262
2097715770
2097719979
38694449
64657303
2108432907
38690617
38691695
82657109
38700950
38702024
38694860
38698863
38708815
2097735826
2097738274
38708500
38645759
38707063
123577523
125413827
126735170
120009405
120925735
121717942
121799068
121992111
125077352
125418772
126607068
126607081
123931582
126411816
121643138
126073312
126411790
120007476
121222862
121293088
121909127
120010263
126735168
124404807
122754608
125076908
125771681
121718814
125408916
120010373
125410191
123584719
126073298
126409683
126411790
125418754
126073310
126406552
125418765
124827171
126411816
122110586
121909127
126073652
121643138
123931582
2097748109
2097748776
2097749117
64892235
38703347
64748882
38701307
38704122
38706405
38705151
38712520
38692744
38690838
2097764001
2097764002
2111294281
2097765172
38711506
59804243
38691960
2097783656
38703180
38710800
2097795112
52638087
38712024
38703968
2097799562
38712555
38690487
38700264
82657406
52638388
38710413
64680715
2097825846
2134700226
38703663
38708346
38713632
120018964
120023670
120061025
126073306
126073305
126073302
125770544
122617579
121222869
126721908
126721909
123738315
126721910
126721911
126721910
126721911
126721912
126721913
126721914
126721915
126721916
126721917
120907794
120912903
121222870
121612499
121621391
122099246
122754606
123079734
121911375
121428887
120783429
122655743
122721800
122754609
122966483
123036833
120013138
123171144
125770540
125086247
124814057
122205722
126073296
126073300
121911375
126722606
123529749
123931598
126406555
122565474
121428887
126607067
126721906
126721907
126722329
122589379
120010753
120013157
123108502
120007327
120010324
120010361
120010375
120013138
120010753
2097834136
38697856
38709010
2097847032
38691703
38692297
38701875
38700387
2097854513
40006298
38699145
2097862904
2097873697
38714500
2097882729
2136917446
2098840691
38700346
38690368
2097889425
82655592
38706450
2137154623
38703952
38690744
38690875
2097919869
38696272
38709988
124202114
125076895
2097933641
114468744
2097935358
2097935427
38705511
82654193
2097936311
38710363
38690860
38700882
2097948327
38693419
38706547
38690834
2097958071
38711295
72390666
82655772
38691479
2097971219
2105287465
2120613735
38692066
2097987484
2097988563
2097990499
38690468
38714169
38690566
2098003723
2098003767
126607059
2114635850
2098006169
2098009052
125077348
126607073
126607074
126607075
125413828
126607076
126607077
126607078
126607079
126607080
126607072
126607072
126607071
126607070
126607069
126607058
125413828
125077348
123815901
123087150
123083202
122720263
122224471
121911371
121440507
121321954
121144550
117277004
116948314
126607365
126607304
126607303
126607210
126607094
126607093
126607092
126607091
126607090
126607089
126607088
126607087
126607086
126607085
126607084
126607083
126607082
126607066
126607065
126607064
126607063
126607062
126607061
126607060
126607057
126607056
126607055
126607054
126607053
126607052
126607051
126607050
126073654
126073303
126607062
126607061
126607060
126607057
126607056
126607055
120010343
126607054
126607053
126607052
126607051
126607050
122123379
126073654
120009514
120009409
126073303
126062499
120009395
122209275
119127380
118295937
125418755
122232499
122343566
122348937
120219213
120036225
120031295
120013143
120010835
120010652
120010343
120009514
120009409
120009395
119127380
118295937
116947727
2098020219
38715047
2098022116
2123441687
38713697
38702945
38699954
38703545
64564061
38710611
38708686
2098062294
38703642
2115327360
2098065307
38700513
64887859
38689732
38699964
38711102
38704253
82658208
2098100611
2098100705
2098102307
2104974205
38697735
38706494
2136931099
38690348
2098112223
38701211
38704871
2100214476
38704263
2098115889
38700536
2098657305
38705416
38712117
2103713433
87961909
38708422
2110812361
2098130321
38690547
2098141526
2098141536
38703824
38691923
64492482
38701283
2098155218
38693331
64713216
2134578141
2098158786
38709554
121406467
126406557
126073651
124461799
123835548
122720266
122203179
122154796
122110609
121992107
121141950
121138726
120010795
118289591
2098162038
82655939
2098163275
38696580
38713642
38691996
38701347
2098177154
112717941
123928693
120010800
120010303
120010233
116948287
2123036270
38711524
55496506
2098207239
2102170498
