24788699
24754473
24770987
2130170791
2097684554
24820836
24742952
89035078
24756408
24816177
24803248
24745161
24793031
24745011
24786319
24787896
24743688
24774348
2097570157
24750220
89032670
24741157
24793682
2119623703
24754282
24753990
24809395
24814278
24773983
24756747
111400103
111408680
24785264
61173797
24777645
24807292
2099353555
24808595
24737980
111410497
24743684
82841631
63083519
24784396
24747897
24784275
111386988
24801054
2118210299
24816948
24783361
24741342
24756087
24798312
24740787
24761653
24778980
89033288
24780705
24760053
2097599022
24751816
24763992
24759256
24782285
24763545
24775045
24743382
24803588
24799357
79533311
24798801
2099353557
24799873
24745748
24749483
24914364
24817067
24803422
24794111
24820062
24801202
24797192
24815787
24780934
2129785917
2099561216
52972280
24748660
108248390
2097622501
2097622753
24791266
24741905
24770302
24743377
24785981
24798157
24803059
24759399
24763882
24786313
79535781
24768570
24798172
24779325
2097684552
24778874
24789753
24789052
2097662421
2097662423
24784477
2103618375
24793992
79540650
24813829
24764755
89029355
24739434
24785118
24767797
24753105
61173711
2097679805
24807517
24773946
24746034
24745169
89034066
111387799
24785152
24741774
24766335
24767986
24799220
24786189
24790291
68030310
24752538
24814963
24794129
111408548
2097691906
24798924
24817637
24800926
24754209
82835423
24814638
24752542
24914249
24808897
24774888
24808730
24805553
24787123
24776914
64965714
24786743
24788201
2097709219
82848881
24803724
2097722334
24761567
24792712
24750909
24779940
24739888
24776974
24767999
24762554
24788819
2097747507
2097749674
2097751552
64965799
2100058903
24814079
24765616
24812297
24793976
2099096558
24772408
24795785
24741071
24743168
24819357
24799256
63083466
24801390
24755159
24752305
24791904
24764017
24820861
111383098
24741315
111395735
24791497
24820811
24778801
24764012
24805330
82850875
24752374
24747903
24779138
24737211
24799138
24743881
2134317277
24792026
2097819920
24798471
24800130
24780986
126079144
118427547
123939202
24753342
111038607
24805132
24818610
24791675
24811207
24768292
24760614
2113361049
24790260
24799253
24763661
24800754
24784705
24786506
24807792
24790911
2097854494
111411528
2099018169
24807923
24820323
24775304
116835759
24764002
24791545
24819859
2123164337
116836639
121615138
126079136
126079140
24819926
24793430
24803594
126744984
125843199
116843491
122085505
126744980
122085505
24787917
111390687
2097913020
82833250
89031580
118428234
24805955
24804577
24761146
24817789
24777914
68030403
64965880
24800413
126744983
126744982
24787653
116832311
126744979
116828897
116826084
64946657
24786345
24805358
24780951
24784991
24783930
111405085
89031466
24787024
68030231
24772138
72652864
24802712
24803943
24769400
24808056
2097961530
126079147
122344164
126744985
122724039
116831162
116825298
111404941
24812904
24743069
24799707
24876762
24787267
24787267
24788463
24815595
24782332
126744978
2097981274
24817404
52972276
24790261
24780051
123971969
126079135
124274476
116834354
24767768
126744981
126744986
116835061
116829831
2098005423
2098005434
61173612
111390999
111388759
24810535
24817798
24799076
24796868
24820093
82843661
24819576
24761501
24784737
2139437099
24743464
24803804
24789750
126083534
126728576
116825266
110278972
24781486
24796741
124735523
24737283
24750849
24788129
24795058
24776789
24799845
24756600
94686373
116834309
116828185
116843519
24769198
24797193
24770844
125843175
126721586
89035071
79541289
121823800
125768198
116827565
126721585
126721584
24764974
24755074
24740248
2098114763
24759659
2128988121
2099657346
68025891
125843200
116843502
124796604
24783414
24773582
24876245
24806180
2098131554
24739688
24789402
125843198
126714256
126714255
24791703
89031017
24738858
24820586
24776025
24805039
123934273
123172879
121295681
120450469
121695213
126714253
24881397
24788226
24791877
79535712
24788062
89033581
89034360
118427580
126714254
120002577
124258370
125843176
24788581
89033357
24797320
24815369
24752372
24809354
24788172
24737894
24794429
24781505
24751917
108248979
123971970
125776698
125843180
24789666
24777485
2100662944
24817377
24746652
120450480
125092438
126616907
122208624
118429742
116829833
24750815
24745761
24797178
2098219955
2098219956
116149538
24797177
24788695
120002582
126599667
125732732
125429236
125429234
126599659
126599664
118907838
24798761
126599669
125843177
126599668
126599662
126599661
24748431
24738874
64965695
24742082
24783984
24820870
89030715
24820060
24804584
111400376
24820803
125843183
116835045
24769619
125834313
125843172
125843174
126599666
126599665
126599663
126599660
64965606
2098304487
24777020
24814652
24806129
24789136
116843493
117251520
2118731003
2098332136
119560584
116838710
126589027
126589026
126589025
111407232
24779426
24782216
126408734
125843191
24761902
2098356424
2098359796
24795962
24788919
2098376511
126408736
