46040447
82109455
2097543588
82098646
46197993
84649751
99698965
2097545694
46156858
82082957
54439980
46197203
2097545698
2097545701
2098434698
46066880
46104210
46247272
71094376
2097550433
46123619
2097552684
99757530
46105321
54434080
46074697
46242982
66189576
2097554532
2097554533
46055067
46119067
82088428
2097556285
120086962
116218782
46127500
2104634426
2097556991
46266525
46122647
54437626
71086596
46268206
46260106
66186812
46091181
46090245
46241440
71086218
54442058
2102663933
46033351
46065861
71067791
71084219
60327883
60322105
46227618
2099213286
89676089
54442479
71062175
2097565180
2097565631
2102357947
46227127
60247668
71058290
46186137
46261356
46082038
46188729
46076069
46048043
46033435
2097569775
84656335
99715405
46146437
46227934
2101481507
2097847796
2099028185
2101448994
71057723
71083907
46196408
46102314
46108976
82101022
46031913
46123318
46122008
2111073553
2101447354
58340993
46152911
2104844725
2102663929
2097576578
46042470
2110876878
46083421
46083421
2097577587
46152863
54443907
84655827
121159139
46042186
46268518
46100916
2102663928
71072475
46152622
46197694
46057193
121163377
54442507
126000500
46128133
82096541
46204166
46188341
46075974
46113545
71066767
99724224
82088203
46235756
46196184
125950240
71085416
2097590968
71055168
46061868
84651352
2100508848
71066189
46064851
46260447
2097589358
82108207
46122623
46131195
2099475628
46167901
82086378
46152452
46173870
66187604
46125366
2099028197
46102381
46090775
2100508844
46183078
82090505
71068767
46040556
99714777
46081920
59085347
71093792
46258404
59986608
121161328
60330132
71078977
126011750
125945710
2097600603
46252183
66194357
71078647
2101157928
46152742
2110466036
46204287
46057680
46188597
46041961
60328515
2101481508
2098514704
71066240
46110029
54437792
2099028194
82108237
71073812
2100012945
46261785
2098490181
46097441
2101481510
46260675
46123108
84650745
46162292
46122712
61956238
46066344
46069464
82106441
2097613217
46183609
71059613
2097614988
2097615290
125950854
125979736
125994572
46240272
126009364
125993615
125946673
126001455
46123356
71069013
46118847
46196880
46118906
99728613
46125434
46147205
71078002
2097618571
2098622357
46064926
46110563
46202667
71065335
2098514689
2097620420
71078198
99704454
46240747
46259183
46153316
2098956828
2097622632
46109785
2105320790
2097622821
2097623469
2097623527
2097623526
46047258
2100508843
46056823
46261753
2100508845
46222998
46070720
46212674
2097847784
46223630
2097625711
2097625757
46188610
89678116
71057107
54432131
46066524
2097628319
71057297
71070553
2097629944
2097629986
2121713231
2097630327
46223502
82108334
46196101
2097632021
118484272
46057756
46124657
46048989
2098080527
46153687
2097633042
2111685597
2097633040
46259249
84658573
46102829
46210422
46204517
71069129
2103143157
2098514698
2097641458
2097749535
60329570
71079762
2097642373
2097642397
46109873
46199598
2129546257
46033526
71057000
46111327
46182695
46247633
71078748
46062062
2097645180
58339284
46232515
60247611
46254567
46268142
2103612740
2104239496
46189313
71078124
46090301
2097651399
46203740
46210255
2097652756
2100508847
46112674
46151805
46195667
84658937
2098514709
67695076
46243121
125994058
2097656727
2102663931
58339481
58338826
46066056
46034867
46233798
46065890
62638151
46121946
2100508841
54446004
46076939
99341298
54436975
2097663368
46071731
99739450
2103890625
46070102
123158960
46260720
2109787086
82085694
71085114
71092085
46266910
2099028189
46070901
46117734
99394331
46159264
71079147
71084486
46034788
64479713
46146677
46035124
99699378
46035201
46076810
46259377
89675844
46097337
46122626
2097677277
46259529
46047171
2099028187
46199676
46267221
46204057
2130731840
2098514705
46152656
71092282
66184037
46182423
46040913
54433658
46113294
2100508846
46254038
2097681866
54442061
89676857
82097564
71091506
46254650
2098514697
46059989
46131127
2101191413
53568295
99686636
46070202
46057559
2101939191
82075110
2104956706
2097847791
46217589
2097847782
46268301
46041703
2097688429
46111323
46074901
2101920032
99686639
64724349
68013742
71067732
46034120
46204314
54436635
67416081
2097693871
46096392
46096385
2112801527
46110565
46209931
46112651
71079649
71074988
46124671
82095313
46204452
46204245
46173706
46130851
116219231
2097749568
2098514694
60328512
58339555
71077593
46253083
62004648
2132748273
46182421
62638620
46156599
46054428
66194559
46032387
2131866850
46259880
46113074
46261273
46161844
46261625
2127078017
46105449
66194546
54441507
46162879
71067749
46116943
2097847792
60329811
2097715756
2097715755
2097715894
2097715892
2097715891
2105115302
126748535
126749280
126748536
124204079
126748171
122113218
126746924
99752590
46196249
54437193
71085038
46116903
46168400
46235008
46032987
46119549
46131216
54441403
2097724534
64900528
2097724594
46125821
84658372
89679216
46254734
46046680
46034318
2097726189
46123554
125949263
46182586
126004336
2097730105
60328430
46210198
125944868
125946490
2130440312
