2117663928
19497817
19509373
19500413
19506182
19504484
19496567
19467656
19468541
19499344
19503607
19506037
19496119
19501289
19494708
2097698972
19502095
19497169
19468531
19500084
19503556
19506536
2097776999
19501311
19502689
19503827
19498849
79847796
79841142
19495526
19498162
19501248
19469802
19494559
19496652
2097952430
126061084
19503673
122247828
19505129
19504023
2097981423
19500158
19498047
19496608
19466965
19505249
2098157131
19509036
19500013
116156577
19529186
19504749
116790073
19504510
19509891
19495444
19496907
2104732919
19468806
19497141
19467547
19494623
19466960
19503920
19504221
19496024
19469170
19498237
19503147
126331490
19469388
19496949
82953508
19469262
19497866
19468550
19495870
19469632
19503748
19467515
19467030
2143856644
2099372804
19498530
19497195
2099524194
19468193
123583107
2104317413
19524217
