2124902098
10476159
10232253
2097543627
10566866
2121907138
118351397
10273008
2097544218
2097544221
2097544214
10180876
10182909
10221318
2120911001
2112181381
10252054
10339840
10341526
118363686
118347066
80951654
90198100
10346655
2097545843
10242645
10242645
10242748
10275000
10302882
2097547498
10305057
2098543845
10415384
63497365
10261079
10442107
10384044
118370127
10550515
10449018
10270833
10240082
10240070
10237666
80943973
10241198
10361892
10246395
10268476
10512499
10512500
10462188
10197050
10584481
10485448
10344398
10296352
10375880
10474058
10459354
10337032
2097554091
10435232
10488927
10445530
10558485
10271482
2097555710
10429020
10298092
118347946
10179214
10461129
10570933
10495301
10252832
10306897
10252832
10495559
2129966424
2097557001
10226590
2113716490
10541283
2097557184
10572007
10568596
103776163
10396587
10531956
10567292
10521222
10493937
10273615
10604142
10456839
10596647
10378556
10565938
10426655
10451375
10561431
80946220
124248340
2097561167
10358358
124248659
10539394
10201344
10434424
10418898
2098543841
118341651
10570600
10550252
10291720
10537697
2097564184
2102897184
10488734
10204560
10328713
118349831
10345674
10279917
10412920
10608058
67364401
10548202
118354770
10575587
10187017
10504295
10317612
53610460
122287830
10420603
10589076
10587883
10280264
10449135
10512961
10419750
10467637
10392294
10395358
10540935
10344761
122288447
10224499
10453370
10577743
2110104481
10383414
10361648
118337094
10271356
10355722
10472623
2100661608
2100648115
2100648116
10213689
10515440
2101493419
2101493421
117449433
10445762
10587599
10435701
10437756
2097570944
2098543839
10344717
10445059
2097571417
10440673
118339216
10436151
10334989
10325952
10472123
10529924
10209076
10316158
10247800
10528496
10465351
10266760
10590269
10362978
10183559
10476956
67365524
10316211
67362829
118352536
118359113
118355324
10346879
10348926
10252952
118348334
10209741
10194091
10303740
10543482
117673094
10420572
10213349
2097576160
10234010
2099738661
10358209
10320249
10180628
118359758
10466227
10449293
118367245
10254549
10588360
10537200
10493459
10396399
10299021
10286494
10587790
10517951
63498285
126259957
10377805
10282236
10229599
10570433
2106725923
10413322
10486601
71248803
10189044
10519943
10400132
10351965
2097584909
10306467
90198231
10565590
10327389
10522703
10468328
10305543
10394426
2098935174
10358000
2097586132
10491148
2130794884
125463980
10240908
10325917
2099459394
10427148
10431860
118358755
10419493
10369663
2129234188
118344923
10497251
118368106
10610811
10420955
10272482
2101129031
10322889
10558994
2097588145
10574458
10552698
10269179
10175281
10272985
10326631
10589317
2097588914
2097589207
2097589476
10512865
2109662196
10591844
10515543
2097589875
10181664
10390877
10382304
10568268
10254347
71248786
10554660
10440597
2104638172
10285161
10348008
10467434
67363895
10242678
10414114
10343958
10343250
10532052
10367872
10250364
10212479
2097594544
2097594878
10258198
2141365991
71248095
10608716
10269067
10582361
10320727
10507839
10571515
2109251094
2097596692
10280515
10217756
10572104
10210294
10374239
2097597767
10580156
10311895
2097598432
2128623705
10317742
118348514
10507874
2110580048
10463134
10274265
10232559
10556342
2119623800
10522084
10331038
2097600441
10363436
10397240
2097600548
118363491
118046718
10523112
10568335
10578941
10443812
10467529
2097601284
10195530
10200677
2098543840
2097602105
10173925
10333733
10335202
10232431
87764774
10569647
53609954
2109672585
2097602879
10362464
2109671975
2097603423
2097603421
2097603422
10539497
10583996
10468552
2097604005
10335711
2099444315
2097604294
10492437
10587929
10516802
10387431
10278020
10278020
87764938
118364059
10187086
87762379
10602740
10199654
2098864663
10282842
2100537657
2100537681
10269579
118364153
10569711
10269585
126754494
10297719
10232526
10474632
118335574
10370644
10324471
10367201
10252573
10363940
10546388
10546388
10379864
10572490
10242776
10322497
10597670
2097613507
10271873
10340392
10479647
10397892
2110104486
2097614456
2097614825
10306427
2097614824
10603091
10605662
10497270
10366601
2098543850
2106225319
10231402
10510515
2104160822
10443614
10227445
2140163340
10456832
10330827
10512417
2097617153
10497783
118352155
10498140
2097617377
2097617548
10481062
10515321
10381038
10279263
10353501
10491347
10575794
2097618649
10193436
10381642
10264099
10171381
10464226
10461654
87761956
10296121
10368516
2125776072
10590300
10223224
10587673
10526068
10371358
2101228909
10533354
10490318
2114281807
10474879
10553807
10273484
10391386
10468512
2100988667
10282379
10401031
10219854
10378174
71245512
10330737
10409678
2108957036
10364060
10332004
10265605
10389940
10577153
10250900
118368514
10381929
10498791
10600811
10489593
10171977
10180767
10520834
10329948
10362936
2097632039
10538144
2097632871
10421350
67365260
10336945
10565513
10211752
10303280
2097634329
