7995256
2097543152
2097543163
8149704
7958250
7518600
7834112
7752498
68533527
7771847
7490412
67776560
7477946
8131432
7799492
7465902
2097545015
2097545014
7978501
2097545930
95094282
82800921
71619468
95164314
95156796
95116262
95075920
72292287
71619468
7755802
7784207
7506699
7942621
8006562
8006065
7942812
2097546306
7532571
7532945
7538100
52389302
7955012
7547736
2097546706
82800040
7835895
8149025
81973471
7925937
7488875
59271164
2099353400
7966207
7540582
8261208
8009596
67789460
7514204
68970068
60984769
7790218
67781875
60975407
8023048
81957424
2097553480
2097553539
2121451382
7497964
7790063
8149140
7820034
8027505
7937481
7744779
7788689
55265746
81975218
81975218
7497252
8256350
52424229
8031048
7487516
7807179
2115395262
65236903
7778587
2106959548
79527735
7537545
7948625
7561263
7936682
2098359840
53206354
7539341
7757997
64687841
7970307
7954393
7780568
7811654
7479961
95130896
2097561390
52424346
81981528
2132417196
7964729
7965564
7489171
2098711589
2125871847
7826689
2097563828
2129954762
2097563829
55262575
81992461
7484212
82823916
55265911
7833252
8017487
7567029
7992204
7823722
71494220
92346909
7754822
71601857
7783543
7802135
71604694
49942491
7801756
7936752
7770690
7520009
8000103
68536902
2097669912
7506360
7807526
7812220
8259971
7782509
60034388
2098691870
11884528
7510235
95017108
8023365
2139150756
8284661
65438273
7502546
7800652
7759454
7777283
2097572087
7969850
7779254
7780715
7477553
2106340249
7784202
7935342
8159821
7488478
67085531
2097592824
81952540
64431097
58494081
8029675
71600116
2097624010
92345228
7514011
7789316
7980612
81956094
7533240
7727425
7800365
67770690
8027060
71629161
2097575899
2099773256
95112261
7943444
8132109
7810477
8026435
7814754
8150026
88789092
2098359918
60975147
55258178
2097576708
67083494
7712143
2097576707
59267958
88793066
7933567
95143367
8007556
7782998
67086334
8134245
55278943
67775603
7739495
7739269
7760792
94883210
7770522
7533443
2097592825
2097581520
7562904
7710734
2098247518
7496247
7496252
71619254
68537099
68537100
7820515
67774909
7996851
82775226
7526234
8023271
121849820
7560735
82777785
52426451
95185599
2099041927
2097692375
7783636
7797178
2097582623
7808362
7563422
7778408
55256209
62730547
7952632
8023395
7814929
7968752
7787279
7815259
7798873
7565365
2099520119
7494380
7961665
8004389
59271731
52426443
7932973
8024088
62730355
95177512
7551595
7550068
59270936
67782392
2097584831
7544576
61628955
71628373
55265032
7466422
7945153
7825382
7738351
7987300
2097585687
7507886
7738351
59265858
7811796
7746151
81969133
2146938670
50184886
7833446
7745363
7784280
52424191
7974728
60975265
54525064
60047806
7489920
7971090
81958000
2097587898
7950432
7828846
55265877
95095136
95112341
7953491
7777866
8130802
89026699
7466073
8027983
7930202
2106985032
7474394
7745332
7970069
2099041939
8164533
8031060
7957930
7932344
7822084
121422157
7943545
7792647
2130029879
8160419
2097593993
2097594507
95072461
2097755965
60979831
8260374
7534748
7825181
67790399
2104286860
95102488
2103539224
7715958
7835111
52426465
7771930
7791057
7496457
7538467
7482108
7760042
7936217
7781196
7933825
2097592823
2097596354
2097596353
8255876
58321210
8257897
7786354
7969795
82820543
7996297
7959946
81979180
50184924
71628466
95186049
8159409
8023990
81956252
7838983
7984832
95085107
7536527
8021187
7745494
7804715
7971461
7538261
7806780
95181975
7765036
7954919
7834520
7833690
7949598
60046311
2099041928
7756591
7959120
8142952
8160755
8008837
67805080
7806644
122588228
7488998
7809437
8021718
81957211
7933914
2104286869
82828099
82819911
88793221
8256616
7465064
8001609
7738653
2126611584
7779198
60975163
2097603301
7765096
88795181
8014153
7467359
7516863
8016131
7508763
8030806
7939483
81956434
7939833
7825422
67804936
95124543
8141546
7941882
82826608
60975073
7995894
2097604879
82823131
95108847
7946843
2101272185
8161393
60962274
82821124
2098359844
7996038
81974802
7551145
8020406
7758768
7475056
8131736
8158415
50181902
7931567
7770334
7743006
2128390955
7523268
8021836
7492041
7806093
7760652
8011360
7533933
95188152
7978489
2097611448
7951815
7741620
7516871
7961346
8162904
7791610
8016161
7948428
2097755960
60976253
55256055
95187141
95122925
2104286866
8011859
7966691
8256145
7501296
95017571
7749052
2097613935
7951742
7975372
7951761
8003775
7764413
8030279
95090791
8017154
7958835
7790260
8027488
2098359839
2097615769
2097755968
7820709
7926117
52423849
7959982
7531913
2097617694
7929412
81986712
8257506
82777973
7507954
59271760
82821144
8024393
2098691836
