2097542926
53966955
53997650
53875313
53846091
53954878
53810890
53901935
53932512
53568487
53929268
53982825
53973509
2097546184
2097547912
63298420
2097550189
53997726
53858174
53886623
123703557
53999418
53955471
53875885
53911551
53984916
63350321
53836838
53926194
53957879
2097555362
82334549
2097555894
53892238
72260613
53907545
53907546
54003145
53833991
53967846
53878966
53978087
53854976
53944365
53962365
53900075
53843337
53217487
53879626
54007446
53922041
53956559
2097562627
92378251
53916142
53965186
2097564277
2141998359
58472555
64642912
2097564274
53924312
53976889
53844604
53983793
53927378
53911558
53811462
53944375
53908402
53934191
53900718
2097568519
68348536
2097569504
54007498
65675824
53977663
2097570003
63350817
53826249
53885973
63350348
53959651
2097573320
2097573319
53860430
53869137
79893342
53976654
58472487
108708574
53850158
87758314
55173998
53929536
88964519
53865858
53974426
53832356
53976191
54007895
53903350
68353506
2097576660
53823218
53948372
2097576755
53927300
53976521
53959316
2107648732
53818944
2097577641
54003402
53932614
53937053
53973264
2097579065
53926753
53875242
53952541
53942137
2097579947
53942848
53982903
79894300
124247531
53850995
53962608
53869122
61502603
53969432
53884089
2118101195
53981883
53932808
53907463
58472706
53899926
53984045
53919574
53991032
2127947744
53998994
53990601
53890713
68354192
53983279
53822234
53901027
53955738
2123541968
53885281
67571322
70515664
119270676
53957669
53887530
53905459
53887475
53823028
58473331
53895652
53978864
53988607
53923300
53893398
53815175
53902839
53948002
53944983
53854378
2097588126
63350416
54000562
2108386315
53998690
53939840
53821291
2105977786
53897317
72257714
53967734
53825671
2116469195
53920514
53860602
65064660
53848802
53969000
2098577447
53834388
54009416
53959208
53940368
53868115
2101426466
53978633
53999706
53849230
53969450
53911645
53936262
53895555
2097595512
53988377
53939308
53915231
82343777
53821251
53898686
65064549
53868908
53959395
53966363
53920679
53934987
2097597243
58472485
53975874
53857031
53841295
53850975
53820135
53924655
2097598322
53817913
2097598865
53909952
53441975
2097599186
53901129
53934133
53938127
53982209
53970494
53819951
63350394
58474871
53968806
53902766
2097602748
2097603076
53832501
53987677
53979263
64691572
53836151
53975091
82335414
53936857
53928219
53864008
53871126
53957207
2107211711
2109647953
2107211714
2097608149
53953698
53915441
53941562
53911295
2097610990
53975822
53913428
2097611865
53976559
53884779
53865621
68353533
53922153
53879178
80921118
53831015
53812306
53217106
53973534
53995188
2097623200
53866658
53890764
53845866
53984906
2097625309
53868587
2097625383
53879819
121205690
53846371
53855821
53939271
53979538
53853755
53931481
53901744
2097628840
53914904
53868692
53941432
53999133
53858804
2124194601
53889033
2097634589
53863482
2097636109
2097638406
2097638428
53833821
53939231
53958035
53814815
53997531
2097642096
126747382
126747387
82339496
53915902
2097642398
53915071
53926007
53861205
53830904
53904079
53910626
2097644128
53998375
53844310
53988793
53948917
53858968
53973014
53932172
53916118
2097647252
53953626
53844749
53907571
53847096
53873307
53938009
53953220
53917276
53975566
53815042
54002062
2097651692
54009213
53834732
53982580
2097655850
72170282
53877112
2097658672
2097658700
53984380
53821466
53994378
53936297
2097661271
48585427
53915697
53962622
53866836
53820181
53930069
54003092
53898149
54003858
53901849
53959285
126259559
53932121
2097665935
53859053
53963008
82338268
53818267
53828653
53833337
53988637
53915664
53984424
53841067
53893426
53924898
53934817
53911470
63149924
53812685
53944030
53895222
53935226
54004398
53924365
53821850
53920218
53817817
53820638
53840029
53861435
53969017
53847873
53929045
53844292
82340016
53838492
53918219
53947843
53928486
53914294
53821710
2097679076
88886570
53830678
2105159698
68354234
53918876
53876811
2103383476
53915434
53816959
53897458
2098055933
82336545
53951896
53966089
70514949
68353588
126089490
53940525
126747392
126089473
53967410
2097687208
61810424
53977714
53870968
53961724
2098041223
53864523
53823020
53885840
53979387
53828419
53861874
63340422
53880265
119259660
53993374
2097691245
53894622
2097691396
53926499
125112315
53834312
53975147
53994105
68354258
63350342
53933642
53822177
53954871
53950322
2128329518
2109334155
53862083
53915389
53936146
53780545
70512463
53994846
79894708
53901926
125783849
126747390
54007365
68353451
61807799
72257127
53986913
53870734
61808496
53839111
98871554
121206136
53959142
53827724
2097707865
53874801
79897843
53984117
53885790
53957409
53861665
2097715716
119267062
53977827
53919469
123085822
53817756
126747389
54005040
61809828
53931904
53828683
2097720313
53981433
53938492
53992273
53934404
53939629
53966945
53831401
2097724187
53822146
53931405
53817117
