15565842
15591960
15636817
15638615
119687258
15591276
15563734
15573304
15576267
15635233
15640361
15591254
15564619
122245668
15636815
15591617
2103529315
15638173
2097752839
15573557
15566225
15567904
15574106
15563159
61472013
15572607
15590542
2097836177
2098586341
15590421
15638181
15574437
15564124
15565170
15575642
15638375
15618558
82959165
15591459
15637186
15577102
15575574
15590606
15575060
15572685
15568061
15562794
15575012
15637722
15575112
15574828
15576954
15566589
15573812
15574746
2098084771
2098093937
116583629
126722571
15617490
15590493
15636432
15640429
118910630
15578204
15575818
126713861
15578454
15567582
15639063
117446685
15572675
15634303
15591186
119835441
126057559
15576189
15573246
15573183
15578248
15618110
15564271
15566611
15563637
116575525
15635888
15575569
15634306
15590462
111437303
15636573
2103466145
15573034
126330606
15565627
15590612
118285598
15637304
15617610
15591379
15576652
15617629
15572259
126081915
126081915
118989696
15590470
119665763
126057549
124210999
126057554
15573268
126057547
15572782
124826731
125422979
125422973
124163223
124114431
124826727
124413384
116583630
116573370
116575412
123088449
121035061
123410341
116575437
119107661
116575428
15571678
15634311
