15155004
2097585255
96034546
15081928
69819129
2097586438
2097586740
2130220123
2099430832
69819957
15179593
83153449
15076178
111925735
2097587189
15133564
2097588061
89238613
15088141
80738489
15132399
80732333
15120375
2097589296
15133376
2097592385
2125071832
15137614
15189321
2097592787
79845400
2097593461
2107753907
15175811
15127720
2097595508
2098324439
15140675
2097595892
15161183
15163000
15182628
2097596652
15170703
15138409
15084079
2097597939
2097597938
15125805
15178003
15184786
2131113166
2131113166
15184331
15073318
15149759
54854616
15185656
61325135
15134850
15063958
15182958
2097607936
2097608228
2097608227
2097608226
2097608222
15084111
15147563
15176270
15181020
15181594
15140819
15179101
15095624
79847285
15144809
15144810
79845949
15164939
15112773
15103190
64972549
15196645
2097628937
2097755746
119685831
82786118
116156390
64972004
2097744720
15159329
69819778
15179445
2097661525
15168919
15067931
2097657203
15135015
96031913
15075119
15071190
2098636734
15191450
2097658751
2098035536
2097661270
15089336
2097661538
15142662
80744991
119685654
15163351
15100317
2098960305
2106908379
2097665408
116156046
2097667876
2101439205
15090782
64972516
2143414544
15130401
15114554
15082851
15135507
15068322
15132258
82785263
2097671492
15081454
15157202
15172634
89239005
69819344
2143405194
63196468
125243731
15065815
2097679306
15131651
15164756
2097680187
15134406
2103084745
15082192
64946643
15179776
15162782
15198441
2097683628
2097683627
15198058
2097683950
2097684327
15086330
15137636
15098183
79846516
111933043
63196414
59779896
15133660
15162453
15080138
15151660
15145521
2098183165
59700498
15132128
79845287
15192537
2107076991
15167504
15118751
2097700391
15165582
2097702990
2097703618
2108453273
15084914
15131239
15086065
2099228207
15185390
53153388
15138223
2100755012
15078487
15083909
89238348
80736213
15175184
79847573
2099430840
2097734745
2099853783
15109495
15109410
82786081
15088261
2099430843
15136357
15086531
2098608398
2097755397
15129447
2097755733
2098636651
2097755745
15177732
2097756977
80745391
15171782
15164059
15160093
15127493
2098636733
69820113
61288450
15141245
15153310
82786088
2097768822
2099276061
89237610
96041763
15100883
15073451
15153857
89240309
15069888
2097772510
15193845
15140297
15074424
119685059
63196194
2099430833
15072728
15124993
67090195
15187305
15085160
15138751
15069423
15158160
2097784789
82786241
15090814
15143092
2097786533
2097786535
15141202
15086395
2102211687
116156185
64972219
15109582
15155974
15162772
15162462
15064354
15129550
15178914
15185234
2100435456
15100736
111929260
15144377
59700490
2098035537
15136755
2098636730
89240111
15064463
15078432
80749566
117672833
69819674
2097847511
52437151
2097847690
2097847688
15095248
15081369
15163483
15141265
15109153
15152397
2097853526
2099140356
124397847
2097854526
2097854989
2097855544
15140588
2097856271
2097856807
15138115
15160632
89238408
80733090
119685612
89230177
15088522
119685581
96034175
80745668
15178505
126728230
126728230
80741435
15160839
2097864414
82786220
15123561
15138874
80729601
2097869025
15074186
80736607
15106175
2097876725
64972583
2099440337
111710847
2097883315
116587629
126728228
15071633
2108320096
15095669
80751244
2097911988
2097945499
15065717
15187220
2114645944
2099019990
2097928873
126728227
126728229
126728231
126728232
126330551
15067669
15105300
2097927821
15099743
15134721
63197369
15065330
15066592
64969763
119684814
15147476
64971331
15116085
15093766
2097941627
15122575
15136304
15188709
115828635
15067438
79842594
15070865
15144477
15170217
63179419
2097949681
15181858
80735907
2097950676
2097951141
15131928
15158996
2097952476
119685295
83154260
15199728
2097957961
69819288
15151600
82785962
114316171
15068328
15160832
64971471
2097962619
2097962620
2097962622
83152889
82785810
15145237
15156705
15091833
15081192
2097966685
2097967564
15099030
2097968226
2134087564
2097971236
15070382
89240090
2097974744
15160715
69819744
15071573
15130450
15068164
125308985
2099345105
2099430839
2097986215
15158481
69819230
123952713
2119198400
15156254
15179455
15154182
15177816
79845037
15072786
63196473
52273849
2098636731
2098008405
15107139
2098010833
15078220
2099430841
82786533
15064594
2098024875
15155224
2098636729
61325260
2098035539
2098035538
15117826
111710873
89237919
15135465
15066509
15131097
15131661
15067429
2098183168
15081441
15147436
15144457
119685501
15151972
2098085721
2104833493
2098087502
2098089874
2098093137
2098096943
15107183
80741786
82785897
64972752
15151914
15199505
111710950
15066065
80744446
71713737
2098108886
111930151
15064106
15144415
2106821447
2098118196
111922444
80746401
89239041
59700600
2135966161
15093792
15077373
2106364114
53153375
15124164
15193183
15105275
2098129870
2098130464
2098131113
83153434
123941938
15198472
2098135782
2102398145
15069446
15172243
2129682652
126060397
126602433
126063584
89237483
2098153663
2098158072
2121227871
2098159834
2098159833
126598865
15078080
2098169578
15129997
2103068387
2098171100
2098177141
2098177212
