2098021378
2098021377
15632177
15538636
15632412
15526060
15527673
15538188
2098021374
15626889
15526205
15544702
15532412
2098969888
15535539
15522554
15529793
15540836
15536322
2098969890
15632278
2098969886
15641435
15532031
15628479
15539081
15525129
15531669
15526772
15641664
2098021375
15527085
15544806
15536184
15530667
122246527
15539361
15538469
15536525
15524155
15538364
15524180
15530625
15524500
15522052
15641131
15530476
15538660
2097777017
15632489
15538872
15531037
2098021376
15530046
15526430
15543541
15519991
15520264
15627663
15629950
15630155
15631309
15523692
82961320
15528931
15530100
2097948579
15525551
15529989
15542584
15633935
15531263
15539103
15528228
15523338
15544602
15524945
15528695
15524461
15628765
15525249
126598893
15527616
126721377
15539704
15526510
123078843
15545310
89237722
63150894
15523385
15527121
15523715
2107650071
15532227
15526982
15540728
15537310
119124820
15641182
15640814
126601932
2098344156
15537026
15526662
15522002
15522003
15630633
15632058
15528540
117887925
15631880
15630749
126405365
126405368
126330599
15632480
63158293
15641675
15545038
126330610
126330600
126081911
124005751
117894595
126078795
118470947
116575284
122080413
116583732
116583747
126057558
125729950
119869971
124826721
15523321
123137577
124465565
124413383
116596189
116575245
116575276
122756516
119107658
116575288
120568328
116575256
15631520
15628449
15628668
15629755
15630050
15629245
