2099842205
19565008
2097580440
19568000
19565194
19818785
19660259
19817798
19738955
2097582102
82950355
19570208
19686492
19567119
19817015
121042612
19591427
19680562
19815100
19772235
82951197
19566864
124744078
19825215
2097585281
19584549
19716640
2097585712
19687726
19775151
19709492
19804476
69300691
19734380
19811439
19804486
19677359
19787508
63065308
19778115
19484589
19780401
19799469
19587285
2097590731
19781882
19725918
19575545
2097593589
2097593588
19586758
19753440
19775053
19586760
2099071466
19573582
79847327
19794423
19706437
19764469
19675479
19719189
19590413
19693155
19586529
19762157
19702127
2097598913
82961616
19486394
19717247
19728430
19825306
19706174
19831630
82948899
19695208
19760357
19760357
121043237
19735475
2099842213
19841153
19768663
69303156
2097606355
19758392
2097608111
2097608116
2097608112
2097608113
2097608115
19833295
2099842212
19563475
19564527
19707683
19694505
19582098
19590823
19710365
19704943
19641172
19607534
19612406
19694222
19590418
69302484
19694774
2097614104
19696597
19697007
82947597
19695036
2104317419
2098106063
2099842208
19759112
2146812506
19768992
19570408
19604303
19734736
82949829
19565951
19591723
19819289
19688320
19650147
19766422
19694146
19578424
19823683
19671331
19834906
54771068
51074396
2099071461
2097626221
69303055
19578064
19812317
19642365
82957793
19712149
2097628956
19837680
19819475
2097629863
19573012
89472853
19727685
2097631703
19575445
2098106055
19753282
19740498
19707269
19676101
19754432
124742768
82962007
82787664
19756860
19708895
19814440
19754247
2097639050
19717013
19826946
19841525
19565043
2098359602
2099136516
19780226
19560465
19766115
19609062
19741060
59683822
19558642
19786625
19738809
2132691281
19727684
89467585
19569563
19729288
19690498
122230248
2097645306
19735895
19716443
19714177
19564239
69302616
19715081
19831189
94695856
51075585
19694950
19840897
19684549
2098359601
19691589
19764942
19696948
19586439
19765485
19821717
19800405
19740409
19572112
19691109
19709529
19699197
19799565
19842527
19799179
2099136515
2098106056
2099136513
19758943
82958767
82951796
82960209
19695020
19833818
19777669
2099136518
19759557
19839673
19641709
2099112200
89473017
19726068
2097665946
2098168039
19701989
2097666423
19574593
59682269
19611568
2099071465
19747781
19695912
19686806
19568661
19684656
19558345
19574482
19583651
19831282
19776355
19683915
19696253
19683935
19673500
2099112199
2098106057
19724417
61323569
19763000
19825380
19570095
19489111
2097680315
69303655
19810568
19686121
19675837
19728622
19570755
19701659
2099071462
2099842203
19573679
19564296
19828973
19706871
19800585
19486013
19842617
19837913
2129309169
19731543
19693058
2141895607
79843078
19685472
19731129
64704657
2098106060
19769463
19682737
19561025
19733873
19695360
19698054
19692781
19582656
19804316
19592079
19732740
19831757
19566331
19805858
69299750
19660491
51075038
2099842209
124745440
19560170
51074985
69301829
19675030
64509805
89472923
2097702804
19688111
19570795
19802756
19689500
19715812
19826481
19578124
19824211
82958798
19568697
19691910
19685601
19832232
19560514
19740627
19700815
19818555
19581708
2098106062
19824031
19694260
19694745
19558155
19681189
19687274
82954271
19563992
19766672
19836649
89473193
19839718
19766399
69303306
2104533761
19824433
19753945
19717228
19695780
19687419
19659137
19640634
19735712
19612495
63065776
2097731163
2097731666
69303428
19704517
120554327
81856975
19812882
19772828
19569839
2097735805
19740735
19757854
19696608
19645477
82958269
2099071463
82961956
19576796
19812437
19811346
19758158
2099071464
19647814
2097745803
79485241
19806291
19697263
19841066
2099136495
82959242
19589833
2097749582
2097749575
2097749576
2097749581
2098106058
19806295
19707746
19814900
19706409
19836405
2097751975
63065336
19606190
19761286
2099842210
19579022
19709297
19648373
82963478
69303706
19819411
19719965
79841792
19705385
2097758731
19769928
19810462
19799202
19716992
2097759842
2097760846
89558897
19768103
2097760966
19685381
19803562
19707831
2098900062
2145257300
19734989
19773147
19484950
112098806
19728426
94697643
19797940
19608054
19577506
19817729
19838815
2097769607
19572878
19816543
19690455
89475999
19748545
19777518
19753743
69301815
2097773766
2097773765
19575321
19835704
112098050
19593701
19721528
69303328
19702100
19698116
19582123
19824683
19585820
2097784602
2097784600
19779361
19677295
19846870
126728407
126058491
126728410
124413675
126728409
126058484
126728414
122122004
118905102
19704930
19806227
19677991
64665949
19797936
82961310
2097789044
19785108
19645344
19701377
19763419
19489891
2097793348
79845997
19470231
2097793723
19821394
79843935
19753996
82950931
19717577
19764858
69303592
19686782
126728408
126728413
116974412
126061124
117204898
116794777
117736376
19828144
19672333
19786350
19562528
19809503
19691813
51075623
19675098
19686344
