2097579536
19491454
64658756
19594505
19487558
19490386
19555892
19579515
19596665
19601229
19553309
19553569
19581635
19557909
19551860
19600844
19556990
19595194
19601074
19556123
19606906
19488484
19594186
19598318
19593927
19602781
19597537
19617151
19491880
19597051
19600745
19595438
19598294
19599470
19492070
19595185
19602620
19580249
19607039
19579615
19553269
69300902
19601612
19490553
19600820
126728406
19598382
112090061
19551045
19594411
79845162
19599352
19551999
19606678
19595052
19597366
19598274
19553262
19600556
19598824
19557491
19594765
19580246
19490465
19556946
19579734
19597761
61322148
19487755
19593977
63064512
19487914
94698004
19551998
19488460
19598413
82955967
126599488
126599493
126599492
19552565
124401762
126599489
19596594
82959060
64833755
123245723
79843875
19556961
79842564
19553598
54770005
126408439
19580364
19597825
19597909
19550988
79843984
19492216
19600398
19600874
19488292
19552675
19580031
2098378298
82961873
19579270
19551320
126331492
2098470956
117987085
19594388
19557718
19579666
19579370
126081748
121035268
64534811
126081752
19555540
126081749
116789978
19553260
119369900
54770523
124824467
116788006
19553895
125778423
125774010
124440023
122881807
19557559
124824468
124808252
122109198
116974395
123202340
116788015
116788001
122551746
116789979
122221130
121671433
119694815
116788128
121998204
