89208887
49109438
48985010
66651176
63336039
80115972
48677192
48976658
48833588
48745415
49010972
2097545775
2097545779
48986947
48824408
48758504
61719204
48700905
97782075
49090129
2101073449
64945698
48719237
72098047
2097550756
2097550880
89821698
48851502
2097554278
2097554323
48889316
48734951
48707475
49147106
70583409
48825619
48994733
48731126
48875049
49014179
48833032
49012110
48975863
48848894
48866752
2098787371
48885222
49112611
70585423
48925751
2097569351
2097569419
48677621
80116344
48992473
54051114
49044856
48823718
2097573544
60963853
63510243
48735256
48678190
61719232
48994939
82364678
49038761
67686165
48883973
48799486
48953872
2097577429
2097579247
2097579245
48823393
48818860
48818859
2097579246
58389019
48743689
48705425
49104137
49048144
48884319
72065106
58382131
48953683
65227479
84761424
2097581194
48769413
48936692
48693380
82363818
49065416
108803985
48894055
49050143
48833596
49104250
2100725968
49115450
48991372
48714220
48790634
48795717
48725099
49103107
49052872
49048640
49135449
72500149
48924877
2098445510
2097588215
49083443
60971661
49118328
48983735
49000767
48799191
68016622
48665339
92570875
48928900
49145585
49072872
49065561
49033056
48758363
48697480
2097593178
48875630
48710445
48878662
48874340
49015678
67703947
49098485
48938103
49082737
68478735
48895481
2134418357
49113999
48888313
49147508
49064150
88875449
48710504
48682783
48725728
48794337
48832306
49082891
48994786
49074749
61719053
2097598979
48795079
49125389
52963385
48799244
84756203
2097599353
68478778
2097599658
48940381
80125801
72497729
49015683
2133051808
49040861
48654636
49134026
68479685
49098252
82366347
48785422
49031732
84762157
49050166
49040512
49041893
48799723
2097608914
48688713
48778037
48888262
84758009
48793614
48990966
2097610213
48705518
48727971
48819006
63925482
70579842
48674035
48666632
48668226
49031720
48677883
88876987
48993812
48919015
48828755
84757528
48919015
48969513
48828755
48847587
49122924
48710542
48935571
2099042190
49084537
2124552037
48944031
63339825
48933719
48947050
48800145
48906007
49047620
48823713
49117928
49074904
49131210
48805553
49014135
49140095
48777925
89208830
48931433
49104361
55791639
49117626
60972097
63335504
48737198
48863025
48772441
2097629522
48970371
2101073451
48941829
48976649
49009594
63336197
48764276
48864192
49066393
63068355
49006021
48951747
48754331
49123808
89824189
63925392
2097646650
2097646648
48847160
49102981
48935878
48860921
48851326
68479988
48655039
2097649841
48746593
48726323
49125360
72293258
119114121
48863879
2097655854
126754912
126754914
2097658056
2097659251
48899378
48992753
2102007333
2098816039
2098816038
2102050378
49080030
2102170115
2098816041
48684611
49109313
48931000
83231838
2097665350
49019867
2097665893
2097665892
48996767
48709162
82366134
48925373
48705699
48894615
48688026
48831104
84760761
48677829
49010664
2097670370
2097672080
49099400
48853397
92346290
92569770
48719224
49013108
49025621
48874580
48780952
70584706
48997412
121566672
49060134
48922503
48996943
48689926
122146590
49071616
49040334
2097683654
48795133
48941329
48888768
48665831
123171928
126747086
126747077
126747077
48676325
2097690196
48989451
2097690484
48938069
49133953
49019365
49090799
48820173
48831792
48909089
2097695080
49109016
49116000
48805107
49017182
49068353
2097699393
49099310
48844637
61765894
48866960
49083511
49064096
48920035
126748337
49130246
126747089
48831319
48705714
2097701846
48930250
67686200
48875821
48994960
2097703151
48847483
49128458
48933343
67704396
49039109
2097704356
70582710
2130398744
48949798
123727507
2146136308
123516603
49115779
2097708012
2097710135
48650377
48989950
2099696867
2097715718
48826204
126747080
117134146
126747070
119126707
126747083
126747085
48823399
48988946
2097721888
49034882
2123609533
48772259
48805719
49025740
48651321
49007655
67685767
48953058
2097731767
48726864
48953526
48766417
124108478
126747082
49048837
2097733555
48705651
48693564
48888157
48907632
49102942
2097742696
49140298
49123979
49110404
79977734
2101073450
2097748034
49073827
48825505
48691983
48665381
48991228
2105853306
48901581
48988980
48975650
49104399
2097754655
49012093
48880674
48938053
2097755609
49108970
49006037
48824929
48726630
48876903
48932851
49147483
48986672
48847040
82365760
48825567
2097759199
2097759196
2097759197
2097759195
2097759193
48820385
48919393
48771930
48847182
49064269
80124711
48831138
48994690
2097763298
89208634
49110456
49126119
49012036
48835947
96671872
2097766781
49069978
48998634
48663684
63900590
117112178
48986883
48897472
48673194
118556924
48946933
48677591
49071639
80118064
2097774579
68480434
2101059084
48795213
49146861
48810213
2102980620
68480744
49006088
126738269
48937167
59698883
122891150
49030916
68479734
48879851
49139586
2101059087
58384833
49125410
89822943
48772590
48995803
48810503
80259728
49040510
49038204
