69819129
79845400
2097593461
79847285
69819778
96031913
64946643
79846516
59779896
59700498
2099228207
80745391
2097768822
59700490
69819674
2099140356
2097855544
2097856807
96034175
80745668
80741435
82786220
80736607
15147476
79842594
83152889
69819744
82786533
15147436
80741786
82785897
80744446
89239041
80740405
80747474
80732080
2098194800
2098194948
80733081
95286692
79846494
2098293729
2098314758
2146362155
69820158
2146965347
79843955
2110503598
79841270
79844375
125243814
79520880
2099170085
79843282
2098638978
79844083
80756664
2111413579
64969749
