402298
475444
2099527494
121231216
460830
430157
2097550860
525472
108456970
508013
458785
2103161607
2097765630
82297006
2137932261
58755417
2097559497
412729
506364
422999
2105098077
2097567356
529760
63891847
517581
518678
518679
515792
501434
2124414051
2097568497
2098635414
2097571641
58754664
503671
2097573921
496748
2099635917
71741530
397422
103865942
446608
58754500
525334
2097576573
2097577562
2097577658
460176
2097578132
514961
468728
2097579697
415374
470622
2101013974
440957
2098231103
427253
423065
481657
2097582721
68071544
459469
486141
519523
2130008734
2106043523
2097585273
63892387
407227
2097586371
2097586373
2101551011
446045
2097587206
487782
511154
473062
418254
431484
2097589325
502958
503011
68081756
477358
484984
2100238941
397542
68082913
440116
528575
88806923
446802
456005
88797625
54656492
515665
71720738
61618142
2097597499
71741867
2097597604
2097597954
485346
496379
448984
2097599451
71740348
433763
119084195
2102812830
2100645258
119083646
434482
405338
2097602378
2097602377
396961
68080228
404460
517124
2097603795
2124172484
407238
88802843
426906
511232
2097608704
419113
401865
480318
401865
401595
88809621
108406372
503225
58755424
2097610401
473221
446845
471906
88808891
525132
488024
478745
465186
2097615257
2099527496
2097618469
512534
35725775
525067
410552
482801
508775
446589
500704
2097625319
482267
54658290
517091
513292
520979
402048
2097626247
68083484
2097629140
82297744
63029717
2107493666
2099635915
520393
397718
457438
519844
483869
477208
411173
123100539
123107348
126740244
126740245
123107348
122206406
126701298
116628388
126740245
126085966
121637933
123037783
123735573
126740244
123542381
123997402
474965
71739157
2101840362
513261
63890996
460497
2097649399
2099527492
522219
2118633007
446596
2101166931
124110259
122058265
124110259
2097657940
505879
515284
2099635918
511052
506656
526543
2099527495
2097668448
2112866760
68081545
2112866759
455524
501507
68071803
441729
2097674428
2098651243
424147
2097674951
2097675078
82288661
457740
430050
464518
520658
2104401247
2097679731
431086
2097679830
475694
514926
63888923
448195
2097680835
468137
460856
524640
477620
103865900
405242
430575
441721
456689
2099779202
2113035734
71740699
104464264
108437325
126740243
125432473
416918
2099635916
2115734796
458755
2098924928
2097695516
429965
429493
411892
71721951
2142951187
468449
499161
88807843
421117
481398
467355
413975
123506532
116972936
2098716238
71720774
58754958
71722345
396332
402094
402094
514530
410288
2097711628
123107336
2097719418
515407
2097722472
2097722650
449076
410170
61619250
2098535430
408437
471822
2097734625
489223
468319
71739153
499969
88798255
433087
493091
401152
399744
485624
522256
82291715
423351
58755282
395213
2121424978
492818
2099124682
489113
474675
2097753537
2097753536
2097753534
2097753690
2097754779
416757
402012
2113133571
452988
426786
499147
487439
2108826554
487615
447916
485159
395839
513898
457602
124231092
2132173739
88801218
71720679
475700
477791
82293336
477094
449904
2097766693
443522
2097767645
460185
420867
440962
82292150
415752
404554
2097772283
2097772953
514219
430823
88799579
484088
2097775251
497646
2097776293
2097777102
467112
124230467
402154
88798623
402009
68081220
2097779188
394321
68080948
413566
477203
444961
512210
121038148
126727512
126727510
126727521
116628615
126727509
126739304
126727514
126739305
126739304
126727519
126738814
126727518
126727517
126727511
126727512
126727513
116628593
126727516
119953776
126727514
2097786724
71739785
475514
461975
121339749
2097791482
433722
431276
471269
496977
116628074
117032397
116709622
487977
443512
438209
68084188
425864
399816
419698
485954
68083338
525017
88803347
483293
63030271
421663
435842
2097833197
114416014
427615
123081488
126720523
126720524
119966086
122970057
126720520
126720521
126720525
126720522
121405612
421740
400694
63893210
2097839260
71720749
517338
440614
461546
430946
54655868
71720839
525065
2097850377
475568
465365
477587
2107410914
2139154616
397355
486453
82292230
410718
421321
442200
442200
2097861603
63893032
68071294
2104576670
424751
404516
401883
521499
119882929
126712658
122718876
126715522
413215
2097863754
482034
433875
513750
408940
483085
462997
71741185
2105284768
2145588397
68081374
443687
404988
499320
431364
108452442
524253
472115
2097886171
68071657
63892804
2097894946
473044
63029953
2099597770
467053
2097911410
408943
2097903879
514987
2097906921
2133943841
435259
448456
526475
490895
528535
117225948
